11.28566233479859158738678707185108969874032550608863945011011075058293562894893	1.267520939585615779999965439553161934509971748398526632978306757690161318450895	-0.2460665752361677193945720736617393954772927651976929035570631488866185770842161	0.05903513288262268053850208371638197986187216197320741765719782202220861212551184	-0.02173015250849120757471580802766922210257004722413776265806387243560028224136775	0.03217368059940783584675894171780300714022192027709997209246887135173624226840434	-0.01119906856366080655726998179390320408005020056504279479068435429532841417249983	0.01085780571555039201396258905689764352900413437660171504558952006089034129593799	-0.002918560593661078611474981832811812118031015743157175533923748931473248247170478	-6.162142859933551836544318873283232554287182008010532447276380308775326879126089	-1.52491634623284939259482463421749817294973377737815246902535676823042720238859	0.2560722065171985633887388946027061068532234369586669248465551955566333710423827	0.0600126956247284016875527845082388349640709951866347267555771115573761427614361	-0.01653528440261659832088236703248710104779677864428273710690421494131286831070495	-0.00507847526789288739223612418171641139959032770986336277287584051484758597381149	-0.0004382092369624383521161805635502363530347108244767249393468995074490642673341071	-0.0004802176546722440377262317846805913008611903444714359756953818832398872749700169	-0.000341383767045255333558779778332646190932944208107605392249368482224018741670733	-4.055170549427921377729918701131879500755811457042417877782561963679735939629605	0.1416913087750101669070253937124817904711046491605856330397943795255848937274844	-0.06962929818065772232557729171228824112204805057063709362078730869059007512978429	-0.134389733774803889821406080694958701166185370321651762240260753845382298403796	0.0296949510465495278712869541743628143842377886673698286274202884681557035526156	-0.03254913655528257515844434431766343292138950031257814002215337661408330937195309	0.008177320592070675412385135173716007786438280932079873357331338665794459513677887	-0.0122970743249304443621905391341836418087399524269429318891235509838661898390047	0.002348145106043213244437710230683233434427089543591066474276054532460391879780316
1.267520939585615779999965439553161934509971748398526632978306757690161320798914	7.256910237696039729303459072464221364614543053114653511343636775985333739776658	1.326556072743791890174187250847085590512626508924644013958092664735024356426721	-0.453709175154203950044048131157264541058729540976951532337507598653010630230939	0.09120881399531788161385820716726783473047650003423035944662116460596639822327717	-0.165202570988193035435104128813626735017492777000716915714166289418101329304284	0.04303148639909822316549152748949007486277668387079307931400091444078091747397853	-0.05264342747436062072995354257356073022773507595281601416128003372328763919511994	0.0108578056977247409057868508247199274995210889194145169669005215944872456837948	-1.49928685938641128385789268067059071843712912138342273121038833673851960174123	-0.7893340472937279887025770616623886424334363961155890845614109343068009134450951	-1.442373204498420506322892423373548883761865159889013129045195656941088615265794	-0.343432584483349916247466746911745396744641736527410290109937882197453943860925	0.05205315251744770365805835685722099643825081849879615581104637952034780280143984	0.01034920586888967622075673569450916063455201131932056980876456546507981462378795	-0.005332809808343925467904104013369215797287209603924586801360466598562573964136797	-0.002062000982211120491773987342313429298356215332904527935816606244580071329532921	-0.0004723073016355847666131919752458011058631669205145167353142100162981815211877056	0.1416913087749225378696933599427228517766369038119101509098174561651762353643182	-5.559107112217727014041857675914587025350389425000707203254233479138690276506312	0.007301575275016124755964111995400616435330996633294672220927178633844151957691432	0.7562811581927026372919796069929980353923340535354511616892636344570407592625264	-0.1669388698168607699880593868597417578412022327266527019724432190378365982737722	0.1433349607366575981236041408550727419144060721117814482938982953973766804851013	-0.04484621079611542892525221584607933740733769637789851801380504463993946159869299	0.05067101656459309410527856107696511476967416347812653333949322238304659898853805	-0.01229707434277378390227365151560561999594596512465446161623143456455781979958614
-0.2460665752361677193945720736617393954772927651976929035570631488866185765844519	1.32655607274379189017418725084708559051262650892464401395809266473502435852873	11.01786560811928554678888350797975746647580619130378347319240979141808679755276	1.35872975378282056921918861925535410341852283757123406810928265890202969626642	-0.2789957947689303640333958345519623256417477573336127113668889899794980557156968	0.1020666193958679876505668854003336163589369381644682153905473036388482363704617	-0.03584778141587867822544258184774330020081532328417950692723532858494915569960987	0.04303148664674035624002387712496466869960676635125913283694124220906196587963522	-0.01119906847768401975381927976772619347770146150747125599930243965104150521742767	0.2560722065088411407115735875859194492293532635615596396917379486315563638313985	-1.464903650299464095390546874595276127225137126325091818379274834253562391647235	-5.922605936878355993994843322749468086992194051712062145269106886039444822553551	-1.469982124697889133676221987096374932668879145320474740936375845368782233938373	0.2390987141796104994763255140355497017757006008404827423204567899499225942687173	0.05445400338681454978503095320561695958752668250465041664371995267019021100516814	-0.0173148772339708465158188372851975517466858225065434279250676297283485287145049	-0.005558692767990823647258401094023579708658953544280018469043124953664665658716718	-0.0004382091066796427374468617176372768800144685638934087751062634180691679181093911	-0.06962929818067812105414279494575792669178089771921775273169821355342104288737999	0.007301575275423599959709883677907325628283258790775798341819947667159662958364454	-4.095104895497923597253311657740852306291121816883875198578948842513807455212852	-0.02524756084031446362645310659410877606286448391418662350172585626991835379123559	-0.03175702500264214258362508582448478510768837749555560875866550623038271958501786	-0.1792359444568927147838676709568882397202291812373754182709242230550677440818891	0.04022041699464823081241358730268462698935727045854639698413450447604623816610547	-0.04484621054844514369344028709308230534501586061407879031641839319543287514522741	0.008177320678053930361829824753778338574050941404560858702601675335723801293841562
0.05903513288262268053850208371638197986187216197320741765719782202220861002653371	-0.4537091751542039500440481311572645410587295409769515323375075986530106338248676	1.358729753782820569219188619255354103418522837571234068109282658902029698171006	7.09170766738421508727510333371780267104440074948514688621572077022988645076927	1.369587560100686543689045883947661367046606974250945322598965035905609676427182	-0.5063526023719020779725962834185750208251902222582346925819660491660782948554543	0.1020666197104630186780441936712791918518034943305021771650919228046458471063029	-0.1652025704193866247493064611518696602585543735847359832993094522124244197569695	0.0321736808028717579054576836885925319088262754123404912698941644340272995998179	0.05691365463997814715478992843830986451404784288336628939052392933990223842179046	-0.3434325845919844838419946408872726566045987483990572213278110239161022203642849	-1.447233706646776905752449873061378353619554820865378119544079729612122546996229	-0.778984840721949604617687226130686208600943913392877720395417292189838020506825	-1.447706013407572399827488866972673157223396494998824306496842239911570463578422	-0.3454945849992780698498830135833349508932729692954114994553613416942157734050359	0.05158084528368005120285195080770398752230852979169922274564892005713013765525157	0.01034920602618935259763405440357020270422701778724407060320292781271573668875683	-0.004860502302356633775209112229046236442864772626787122976257046020042295320470742	-0.1343897337748320232611542549646931506056964294640832726174965533960726009369336	0.7562811581926586306118063186888957539387904149746812131689358237082177973106754	-0.02524756084020380410945774182054231128874580091864697974842902968840836659398348	-5.415772150805440539168004499985319985933525406080734617944032764412784743741726	-0.03754463456251626097015809295133965185223682195658825623337034171020443067930345	0.8069521750143282069693730662181185425051440237227664165904162378879168742600553	-0.1792359441422605250023440412868694522258887521700263038030141319542400381261721	0.1433349613053069844377820526661653329274488067811343157440197148869995983958995	-0.03254913635182676654530777637795451062524962461621459471904162598572477645757413
-0.02173015250849120757471580802766922210257004722413776265806387243560028156182354	0.0912088139953178816138582071672678347304765000342303594466211646059663987763903	-0.2789957947689303640333958345519623256417477573336127113668889899794980560236021	1.369587560100686543689045883947661367046606974250945322598965035905609676514235	11.00374798715955186322465440185596587498929903164103491768682500679971803022175	1.369587559313449210334007443987094893069815518401976966354643344765666091119347	-0.2789957943509920695135539225280057560343818506935001860027535632458774853568301	0.09120881513276338553768511688704151807213761067727715427258880114632549602350479	-0.02173015216935652611963867146082662115768222888033719273420145736403512603574923	-0.01653528434872265627585616068554659068667306224887444918489966519918205670369785	0.05493422065457803398781401137734360397530629921450534808365604565785992351702534	0.2390987137660052107939461079228696112963155555145279169049025326373222459885426	-1.470462339393638088746276974060595855982926398617946960374725477993531370674428	-5.923385523181261714707654359516813358566431887347584912575778651483619271994738	-1.470462339338479414528907024279408578427624419740934020079468155338275681148183	0.2390987141062981650170845288588477204486367430958007364692248581111102635632469	0.05493422126023507383318331630597393549233913497452298377170119506703545270904808	-0.01653528387662877865291527302204778225560158414998962932629468273594698652454909	0.02969495104623723685497660062496131815666831286090911961329586827775484292898141	-0.1669388698155014118061586958891337715725742290470870779788596595029447363334879	-0.03175702500368173687660294172238896466890576153960342215785020325339817034565333	-0.03754463455949791959294050841517921674605572914504465793708432355387358113653192	-4.084579421603365847749298167194205650536326526383219634903558815823793167543879	-0.03754463534661947593756554769493233426111353568189724627188629187806126999920378	-0.0317570245858649138339036744205287761143907308169527922960700987358996141018586	-0.1669388686780597412379233736421147817014687788813969948227361607941868868524848	0.0296949513853827284110989185738386626080156025074910038976036245742564030083476
0.03217368059940783584675894171780300714022192027709997209246887135173624202228001	-0.1652025709881930354351041288136267350174927770007169157141662894181013300680625	0.1020666193958679876505668854003336163589369381644682153905473036388482335243001	-0.5063526023719020779725962834185750208251902222582346925819660491660782939362723	1.369587559313449210334007443987094893069815518401976966354643344765666090856031	7.091707668373542754050685962357989685994084079951006021036259831385419194073042	1.358729753473386383641049829262169907157965172471724713607356739047823670487102	-0.453709174041868166369994283709434485749135737660246728494802723544371837411834	0.05903513327606662925620939648636759862360802470263783387467864878193202069784723	-0.004860502561452676558968557095295709121267352189640105956473782589678023286766697	0.01034920567999532076955986147401040110285470712806818794169465218519272271706879	0.05158084500748553805657049881472511014185077520622681551805441509451745971270774	-0.3454945853754737989167937848726596809588487619725953545701111242086622656303291	-1.447706013825996699080629144089193303318163983027310763260667286810252200761558	-0.7789848408303880107397039387908881745864224359964405547318121801737508568451225	-1.447233706518973474298335289434420039119909594853729248673484996658364515414494	-0.343432584126441783228507474418357380664683034866708402126604454784752121840293	0.05691365519508378120134525650932750841578587228711641540846264747168761667505629	-0.03254913655516731106936366402564760517869584852199602559321979196657474350207725	0.1433349607360751038426212380176383221057277469724133063368176615197811407027154	-0.1792359444564299877439215229008122532803990839903064274931742174528356149986969	0.8069521750130942887809645355013452918724492412200399040115424119426352419782391	-0.03754463534812684776062005667986550785044111479198028674914469655320459151654203	-5.41577214981770137737752442005372838121943497983379702045651654001151718183757	-0.02524756114685385050475871798324018383308443216276773934153798494909218756827678	0.7562811593046416462524985590058273840867741937525988258659870962585045912546055	-0.1343897333813106301076399285306457369567688769276178610544613059933975084306651
-0.01119906856366080655726998179390320408005020056504279479068435429532841398422839	0.04303148639909822316549152748949007486277668387079307931400091444078091629526405	-0.03584778141587867822544258184774330020081532328417950692723532858494915687678064	0.1020666197104630186780441936712791918518034943305021771650919228046458470152745	-0.2789957943509920695135539225280057560343818506935001860027535632458774899824311	1.358729753473386383641049829262169907157965172471724713607356739047823671905679	11.0178656095744488360930440888072490529803781979347838305288795273877536721847	1.326556077719605119096079785167460651482739648003740374730388242000603016095208	-0.246066574183364792158028911493931074294641770570913930101636051894886632168523	-0.0004382092241297298531594875493586235971190384263910957931787932440589096849295266	-0.005558692889762000918953855375883368185327006665104309330922499382004331272033018	-0.01731487722337949204253528814627882173404891726504259251950269755982037181650465	0.05445400353315148621050874358326761635993321646334031026152457420659151722421338	0.2390987143728707914062913452342045991333547596174233112575896059879472050138597	-1.469982123940490860832240673533641170740462088155028432349610066437395656808567	-5.922605935028901453168709694941449441441494201394311503355561232176940456331438	-1.464903647967287080799482435270253708159405751206289326283018736886804107705224	0.2560722082226946817943383679313046909076109059462351761707480591223675308371823	0.0081773205920847083945251645198834801191996030835170663213213598469125346799862	-0.0448462107961337945258494743847487089779043343162226820343036014391789655185787	0.04022041699464954130679541074634623565348999057835346589261641450427302068476427	-0.1792359441422808536597003657210638360860786942806241560468614247458916158619817	-0.03175702458480511101387509626645263194333495361416999022762179083617362661165301	-0.02524756114970388757345367992966653546697724737652585468521294354405587577074831	-4.095104894042657619237792162542809626756213950194690575584147037070510518532566	0.007301580250988371553616040421448532582144384147347649704983348046349712808147652	-0.06962929712763286173078665777473682210033156818513139899295222832482530907120797
0.01085780571555039201396258905689764352900413437660171504558952006089034204465426	-0.05264342747436062072995354257356073022773507595281601416128003372328763996284348	0.04303148664674035624002387712496466869960676635125913283694124220906196666522862	-0.1652025704193866247493064611518696602585543735847359832993094522124244195403636	0.09120881513276338553768511688704151807213761067727715427258880114632549953462656	-0.4537091740418681663699942837094344857491357376602467284948027235443718353193508	1.326556077719605119096079785167460651482739648003740374730388242000603013614348	7.256910240919642879438490658996429039409811446393541855947720125295886889333278	1.26752094195498748594599242363625378860298742119258653565002733871031529266706	-0.0004723073020015359725937873601143783968050807247688286785057681732592287296915996	-0.002062000909417055173348497937266466840260951112877991957579283430653373078651339	-0.005332809555069933992539054207136701076618076478781040628338755799326272947902221	0.01034920634238023277706870865255621714911140441873147749528703935791153272156694	0.0520531533446354791644365406619210355208796615369250369797267273571536466015241	-0.3434325820345274760139031108123910925458687655734262282500424586094084891932422	-1.442373199937917560514018947235921685772318506029987445653200208733689757256181	-0.7893340437475822847730270394847627657926212174350924553509972370379625891086375	-1.499286857099141464772449609435504566401636758895968018659614658501097732872528	-0.01229707432502129265855578272478806092422134265311843627156329423119252922875121	0.05067101656490813658899963518288970481317860915764795758580432465467958610102233	-0.04484621054868746941722908658818631575959695704582233756504041445695977884779006	0.1433349613060008864237916581763410163005160388620306429388666771568150894318091	-0.166938868679696860120640030256107470024731618599435615020084406691417704028361	0.7562811593059900811121750804633288950408882641500885167350920950457278607393056	0.007301580250563179883315490111409648873219746540580130849277650351019638669990377	-5.559107108996951948206939685824987142706577481531235911526396533941852967504031	0.1416913111426824008158001662368597569077175770368321060447253970042989076973208
-0.002918560593661078611474981832811812118031015743157175533923748931473248387620588	0.01085780569772474090578685082471992749952108891941451696690052159448724535108061	-0.01119906847768401975381927976772619347770146150747125599930243965104150470769671	0.03217368080287175790545768368859253190882627541234049126989416443402729881739452	-0.02173015216935652611963867146082662115768222888033719273420145736403512685730849	0.0590351332760666292562093964863675986236080247026378338746786487819320211416351	-0.2460665741833647921580289114939310742946417705709139301016360518948866325439351	1.267520941954987485945992423636253788602987421192586535650027338710315292239777	11.28566233666533497295877514001204022912456984451517666356594063569666607903033	-0.0003413837754554887662367195809790608543126565143561997425738287027177459954364218	-0.0004802176388632293458921885570354950378719582473825296178845235625726275902307768	-0.0004382091527116275186495275754844378446211624747400118703942500617921787372353125	-0.005078475091165838597279084926387856459165769801991209280186751006995053540437088	-0.01653528410520097435828657375714390801288029994128930587629991426308819687713977	0.06001269621175966468744957106076043356066717965137087882720869751130455465452726	0.2560722076839433428761635139406726715820774014575778437847910501371310294341466	-1.524916344513390687488231072305548891254106626507375907880125315392744757553265	-6.162142857907421131934557665807440692597866388692268182264566697279633292985201	0.002348145106063595769916976566291424490145307393770833766150487869762389383832786	-0.01229707434284280015432732277562966407605560112650506541923524041902215507001678	0.008177320678107610700195345425386713103695476738197200978417163190152297794401428	-0.03254913635198009862600820418528522251293163567858476290721146137386386903091722	0.02969495138578195805995622113053713842309558855468462839032796947399021729533645	-0.1343897333816795221685242077865550933855747963344231237589864584774304999150032	-0.06962929712765288727935966339701280146730480776233320061368755845237666146441055	0.1416913111432145917877755409607481118128972857765988969101522339061539021957125	-4.055170547566303548309478196066484517193214724290651083631391325449498650186712
-6.162142859933551836544318873283232554287182008010532447276380308775326878072407	-1.499286859386411283857892680670590718437129121383422731210388336738519603362015	0.2560722065088411407115735875859194492293532635615596396917379486315563635920557	0.05691365463997814715478992843830986451404784288336628939052392933990224053181695	-0.01653528434872265627585616068554659068667306224887444918489966519918205586310691	-0.004860502561452676558968557095295709121267352189640105956473782589678023008479659	-0.000438209224129729853159487549358623597119038426391095793178793244058909350193881	-0.0004723073020015359725937873601143783968050807247688286785057681732592293755569909	-0.0003413837754554887662367195809790608543126565143561997425738287027177458786621904	13.42610772234352366920099121753355390822734236030782292778394268552925060403021	2.82591437210981508025799231232146189168645457794230863724594521068255127778967	-0.5400539405354632287505292391934389815692623099695700622368331435427933693456289	-0.1314880782436547313953201551640407602909800624575508595558871178526719223605038	0.02287179389556881679032094535797961055852166157034973418116114662526880610469697	0.004456287545159756989610516346362089856644059101813717833065559024606123130071984	-0.002463914850832549922650181262694494946048942950796717446771970969699048573455793	-0.000964952878065727116204411159336147818321003084155171820663073519208023208774593	-0.0002255784340360257132127133701713684141111591685793076659646877624444210075861564	-6.162142859933612750924142163696693052038814049431231482032913318552944568302445	-1.499286859386336745310667615244016465130196812285467662983661587748401988636684	0.2560722065087606423804030060788179552268745960057061986830293658802671691672067	0.05691365464005503247817785709018114952408499056659011362765604771533712148674704	-0.01653528434875579504987152272750473746154933644413531581089735192087354190026609	-0.004860502561405741130742134708901329120337376475417711071765018232608863206523436	-0.0004382092241459202648547646005744289880700540053735571598142473993356126140258317	-0.0004723073019785408044714133879271480759250075208678734069948292444215941548411045	-0.0003413837754612489534418082498331856153864823018506803602327391116533760927777871
-1.52491634623284939259482463421749817294973377737815246902535676823042720525445	-0.7893340472937279887025770616623886424334363961155890845614109343068009159165333	-1.464903650299464095390546874595276127225137126325091818379274834253562393397113	-0.3434325845919844838419946408872726566045987483990572213278110239161022189261555	0.05493422065457803398781401137734360397530629921450534808365604565785991677885184	0.01034920567999532076955986147401040110285470712806818794169465218519272357247683	-0.005558692889762000918953855375883368185327006665104309330922499382004331126733193	-0.002062000909417055173348497937266466840260951112877991957579283430653373192133596	-0.0004802176388632293458921885570354950378719582473825296178845235625726272366127897	2.825914372109815080257992312321461891686454577942308637245945210682551273872649	2.714943607119147721901892427490417873195827523301430164860024556801724623478886	2.694426294147884892026122620784098768412917333386125907195710200628279043295319	0.6552814616414529992383760307819629750778871172036863166759427407232605274120884	-0.1270317904751443823555836364429815485934191142692784998111208115473717843690758	-0.03297373955121399292854305585557670438415314833660458663829780929201536022769722	0.003491334670869761285302186046541277077607825471780007371679494943381427517896742	4.991773775245091208279551693563864062345653783182082439550178891691486964144632e-05	-0.0009649528440587591538774244624361706675672161710143113966258300352560071160503	-1.52491634623287039918303375907811069648284097558714948520112159227268041968982	-0.7893340472938284037334289127348190842710331533039341269364487480831731641656181	-1.464903650299392838107876668228649326461500695681631817800538949549721752861009	-0.3434325845921484384452922761695750897843601289545562035994352212742652858722942	0.05493422065464037210819946472411069310117519826570137576650478349725918845679838	0.01034920567991109674874028570079304254435229439531636322172637328290495568191321	-0.005558692889733476555017410201740238382801189687797713642953260892656334631682121	-0.002062000909458422931935424748902900981877485520122233125578971173228726590885773	-0.0004802176388534469257958175715554413622428832909105551133674934969237572248851884
0.2560722065171985633887388946027061068532234369586669248465551955566333721836048	-1.442373204498420506322892423373548883761865159889013129045195656941088612092797	-5.922605936878355993994843322749468086992194051712062145269106886039444821735464	-1.447233706646776905752449873061378353619554820865378119544079729612122548291947	0.2390987137660052107939461079228696112963155555145279169049025326373222507004103	0.05158084500748553805657049881472511014185077520622681551805441509451746267959814	-0.01731487722337949204253528814627882173404891726504259251950269755982037064391187	-0.005332809555069933992539054207136701076618076478781040628338755799326273674785791	-0.0004382091527116275186495275754844378446211624747400118703942500617921790656615496	-0.5400539405354632287505292391934389815692623099695700622368331435427933684495314	2.69442629414788489202612262078409876841291733338612590719571020062827904746386	12.90892557654452358601378965075102524832319709944919727166268644308682629553697	2.698882582254388268391369442868906470844961272730090811614171864728808576723364	-0.5196460607526924861494912792221228419030113315261713595309132160880610889224576	-0.127996743159564815434261749625508506136776762167294568832733128571338266396278	0.02018230073484825440961369447776229800270080261280014945952537830349163949931617	0.003491334792534378487333040465802420491893304876951729419088307209322835305109939	-0.00246391473367994155959272935609960125001040917887474209261045249807643112583389	0.2560722065172047259071476612254756992704631576671409812847390725041843372143934	-1.442373204498461861476036813025651769139840441259465800203800838835865199985068	-5.922605936878642567030199323599845264957676618059412734534826081310663104395476	-1.44723370664697830257517043395237073111838222328470143776441253319360196775646	0.2390987137660858588101013362081667280544704032928887621334891958718048702081689	0.05158084500741132571765364354935651864749861327410001809622686676357734415399917	-0.01731487722336200092673229318059577630591881550079424946749508534767078100928332	-0.005332809555112082099948305824185348550168608895915893988925985588251626405505926	-0.0004382091527023230047933322541900110911783118419541816414558418251584669532098732
0.06001269562472840168755278450823883496407099518663472675557711155737614186734221	-0.3434325844833499162474667469117453967446417365274102901099378821974539483764666	-1.469982124697889133676221987096374932668879145320474740936375845368782235239187	-0.7789848407219496046176872261306862086009439133928777203954172921898380196446504	-1.470462339393638088746276974060595855982926398617946960374725477993531377783083	-0.3454945853754737989167937848726596809588487619725953545701111242086622690572429	0.05445400353315148621050874358326761635993321646334031026152457420659151913364326	0.0103492063423802327770687086525562171491114044187314774952870393579115341731131	-0.005078475091165838597279084926387856459165769801991209280186751006995053565730266	-0.1314880782436547313953201551640407602909800624575508595558871178526719244740441	0.6552814616414529992383760307819629750778871172036863166759427407232605264646748	2.69888258225438826839136944286890647084496127273009081161417186472880857552722	2.681969869610004256832675143536284727515222205909738068219974702712865143892529	2.697917631973999598863387821996523487829010523979663661267724036669301226829104	0.6553313809161548097761153985813692855246750723000573783252315343566452650503156	-0.1279967430573350460730030435870950976816785315145248236486766605101241933392707	-0.03297373927738028932387574925103506154802643549331525338718894202187178414972567	0.004456287771802793062035713671731228711274815631306702938645445676360011710888945	0.06001269562465464056157955564191417326684945648349761257020423510282163320444797	-0.3434325844830504571444353555605448832720949264520818846186154835689048754575202	-1.469982124698124760137184057232883338309118322599561650270060753418791276158328	-0.7789848407212398718963124464523310126676718853297862604349264521675057039031588	-1.470462339394050128218900579404160965071798353698792796254843358176200622174942	-0.3454945853751187802146285618814686807055532401919398820086561699334634115811644	0.0544540035330797178807089112346492112328306181889862301468258295606204617135385	0.01034920634257973652642880780653218251060048124690003799846765620945539595445518	-0.005078475091212652674791930206837147186877427110908541099245217070225208453256359
-0.0165352844026165983208823670324871010477967786442827371069042149413128682683799	0.05205315251744770365805835685722099643825081849879615581104637952034780512283439	0.2390987141796104994763255140355497017757006008404827423204567899499225934560884	-1.447706013407572399827488866972673157223396494998824306496842239911570463800994	-5.92338552318126171470765435951681335856643188734758491257577865148361926903799	-1.447706013825996699080629144089193303318163983027310763260667286810252200847522	0.2390987143728707914062913452342045991333547596174233112575896059879472062919479	0.05205315334463547916443654066192103552087966153692503697972672735715364282314908	-0.01653528410520097435828657375714390801288029994128930587629991426308819606181016	0.02287179389556881679032094535797961055852166157034973418116114662526880509186008	-0.1270317904751443823555836364429815485934191142692784998111208115473717776017655	-0.5196460607526924861494912792221228419030113315261713595309132160880610934045513	2.697917631973999598863387821996523487829010523979663661267724036669301233559443	12.90623608877966098088314949163294619271152978462654302685277682637696198022531	2.697917631998952012144490641870110976359526633883764568247564124876205539106967	-0.5196460605766053456542426811158856398547277582466117991305885446897243066338235	-0.1270317900222330312574072658756392359372834513164685037765237748863362418520955	0.02287179428656392971661069337941508100789698919881259289558200971344650291065902	-0.01653528440287084007933546987823926257727889242915581391906549965732331277158278	0.05205315251848558786649086796456013775582593701771421415047003204344990717931495	0.2390987141788101760725495172681352639402427437475511396637688458781337244671165	-1.447706013405396196331574150272542491231363450371496132366338630492794800671269	-5.923385523183804360122910557296363969435048494718628643023559244705188135948969	-1.447706013823813932066212853776220472254079696319537797858892151577162292838855	0.2390987143723620078935958332735483874382347731586390118020047765564754147452233	0.05205315334573672034244938422503576156884291512907541835045300565170278023380005	-0.01653528410545815358851295331471262651688566694130684476571843239307645095275451
-0.005078475267892887392236124181716411399590327709863362772875840514847585733144142	0.01034920586888967622075673569450916063455201131932056980876456546507981161532735	0.05445400338681454978503095320561695958752668250465041664371995267019021190914181	-0.3454945849992780698498830135833349508932729692954114994553613416942157710680628	-1.47046233933847941452890702427940857842762441974093402007946815533827568523316	-0.778984840830388010739703938790888174586422435996440554731812180173750852915139	-1.469982123940490860832240673533641170740462088155028432349610066437395648363413	-0.3434325820345274760139031108123910925458687655734262282500424586094084900412319	0.06001269621175966468744957106076043356066717965137087882720869751130455528816348	0.004456287545159756989610516346362089856644059101813717833065559024606122788913235	-0.0329737395512139929285430558555767043841531483366045866382978092920153611174115	-0.1279967431595648154342617496255085061367767621672945688327331285713382671800038	0.6553313809161548097761153985813692855246750723000573783252315343566452729522026	2.697917631998952012144490641870110976359526633883764568247564124876205533860391	2.681969869996484946222168849168090167652767558105409662307882944937663327347907	2.698882583213538652501072954840730605093407758222371663285199973750730337731268	0.6552814627904652299585317920291322717904578778132000079821903435983500850056897	-0.1314880773317149832175553703301896369232221353464700418670623189899956621582623	-0.005078475267948140633260284796150367421036172622579445921168882940972607751618505	0.01034920586911507253033851477434439471468564985627793148511880710573544747236337	0.05445400338664059891828705163826666394668140958836198333879793733853030638377801	-0.3454945849988077630978445624048955329533724927581003643809019727295744989540112	-1.470462339338913094054524153442819883884465926275160907166181392775476669783313	-0.7789848408296956602494573034597228155860107506564732333182291309851230056504736	-1.469982123940282399268143706517050221775179985821095777242547399919732015843139	-0.3434325820346560483990931475423702966472525015047675761244784680420516040980801	0.060012696211739165651103491013027338840732883774636736434278346174769217618513
-0.0004382092369624383521161805635502363530347108244767249393468995074490639860864871	-0.00533280980834392546790410401336921579728720960392458680136046659856257456198157	-0.01731487723397084651581883728519755174668582250654342792506762972834853061172864	0.05158084528368005120285195080770398752230852979169922274564892005713013726050526	0.2390987141062981650170845288588477204486367430958007364692248581111102606615591	-1.44723370651897347429833528943442003911990959485372924867348499665836451446246	-5.922605935028901453168709694941449441441494201394311503355561232176940458695883	-1.442373199937917560514018947235921685772318506029987445653200208733689754513489	0.2560722076839433428761635139406726715820774014575778437847910501371310298408713	-0.002463914850832549922650181262694494946048942950796717446771970969699048446402337	0.003491334670869761285302186046541277077607825471780007371679494943381426635411174	0.02018230073484825440961369447776229800270080261280014945952537830349163802598447	-0.1279967430573350460730030435870950976816785315145248236486766605101241969526652	-0.519646060576605345654242681115885639854727758246611799130588544689724306013902	2.698882583213538652501072954840730605093407758222371663285199973750730330041175	12.90892557872037941800707996886997534188890949748939628813786926958344837287679	2.694426296572574590197928780974335203360706538919994643278400591842075660448431	-0.540053938834949506790114025930135384781822135499074137287410691775169891250637	-0.0004382092369215383283399429047488712485995439683894009018007272432438526830763305	-0.005332809808509786908115193656540700198574152056447621820606622542784629423021263	-0.01731487723384460889411263123553755932918811632709542494215040941636386938009991	0.05158084528333581901694220775808371824152316359862922813824340096174249162469905	0.2390987141065858526041163910817589277162227531878150693555208112417928593863628	-1.447233706519381717029262190743508113347590177687419889505065335458432249401069	-5.922605935028742243758978262938604728712710872752869454072091127397391264913165	-1.442373199938981173086629243910471629680527963337303993429636919062191776153363	0.2560722076839955726836506519378646048314586205742317657994256877059625830880829
-0.0004802176546722440377262317846805913008611903444714359756953818832398871809779391	-0.002062000982211120491773987342313429298356215332904527935816606244580072142719478	-0.005558692767990823647258401094023579708658953544280018469043124953664665899469685	0.01034920602618935259763405440357020270422701778724407060320292781271573676783702	0.05493422126023507383318331630597393549233913497452298377170119506703545290268771	-0.3434325841264417832285074744183573806646830348667084021266044547847521218451249	-1.464903647967287080799482435270253708159405751206289326283018736886804109880346	-0.7893340437475822847730270394847627657926212174350924553509972370379625909874964	-1.524916344513390687488231072305548891254106626507375907880125315392744758552884	-0.000964952878065727116204411159336147818321003084155171820663073519208023448215571	4.991773775245091208279551693563864062345653783182082439550178891691574209406792e-05	0.003491334792534378487333040465802420491893304876951729419088307209322835467993779	-0.03297373927738028932387574925103506154802643549331525338718894202187178476998879	-0.1270317900222330312574072658756392359372834513164685037765237748863362422184331	0.6552814627904652299585317920291322717904578778132000079821903435983500829383378	2.694426296572574590197928780974335203360706538919994643278400591842075660460452	2.714943609610334690199193775659714012368022787212722741682115702635750525115112	2.825914374093754659799332771753974713841307682977369234715564581257276010161246	-0.0004802176547044935912549374432640305974218482770994044278709182709695855355246911	-0.00206200098208022431408835671336502290687923711330399150042539114201273533626191	-0.005558692768090942521080146857418705545099603289715843812820461068512448852805286	0.01034920602646649754525844299794674012704948252521131134842305221228914502290599	0.05493422126006899291849053013249350874321584956113109059473565344053137777904844	-0.3434325841259374390499389920242340896080922303712555161627157768500483304341477	-1.464903647967637340120443492948515237611718077887696364686410597810176032991734	-0.7893340437465568838008268592121693578631989947797069689459486097393993283658653	-1.524916344513459872774904554734947801270133252979176742268065473786882949233188
