57184.50665461233217904857410159881301893672967514944827965300342674358192013658	13295.22480950275566898970334060612438376102033836730977113412481667164674000759	-554.9376751326204851165254617568704656025076363280792315619822688396427711592377	114.2847621003632880828398869174882642356594257843077520094236045677130784056028	-23.58179199880070212353012859229157321646461503347456417094194697224963043438512	39.58950243660236003126115677713691225612888704090267230304857981659075460610136	-9.59815408601969013187220984474023412510574430398367757477177531150971177409228	9.960741579841099948534773291129307650168737360008365455706309269930617863813111	-2.091369852355726421066693733867935012208500273302341777374126287317591800119553	-57346.80709678491112764683724271066276798519690071892665983224007506000990047585	-14173.6413540845708201717941648166840902238169960188648537233493587545710634589	653.3814582971817090746431818060765927177883971190217136402597359004049247220105	157.8590677449091512853124487089985540366432171604119116970422810104403281306895	-22.00735002760807442533984829102960770418373738991941918532518218305976778132839	-5.277242056666039745016967603335948678043080723352647527363122720766169003582379	0.9023724182884954281196604179388221651238386112106097574508435711741685266454213	0.215004441829904081852379190514158686030449763111664105669329670533499272940796	-0.04228786623770932847923553944094561711020273064422823622205962034286104058225994	163.7016505471506614815503061260965291554212841592722992829852670176058905562113	877.930174953458398234855841222109047884640703095806407533400331473937201812022	-98.58055959950364682381496195258542146075918091284815706863568711654358718004113	-272.1383378562732373839936077314713396870651116495889713578678594572263801016457	45.59113386416625795122219824537562847804676014657723857861046380804867536057519	-34.31465980607705981354262117146301436560205709261358706803388108083028903825262	8.694547537397337410765679183008099485738047575912648556973096160095988164154793	-10.17616618711158047850942694817874126155787104594769016225745465923227433434593	2.133464853458737436275621427835750385579552436143376586124561218341318928782867
13295.22480950275566898970334060612438376102033836730977113412481667164674320014	19292.42013579066426248299443974552801786300262582189544528606628441006165668525	13409.50957160671758298313396294838956439113399674523331390488786201603389687436	-2039.162009110454753546218926852174685143270606575152441824171366078177441030308	153.8742645370814656384610838862019751183974158121694656503359825063486173648788	-237.7155812017707871219130347031580568521604181070041566537402366388427894926348	49.55024401647868783933403824029089127896972028691583916543446065786964946780596	-49.26653234226701452318874037125870174512917302274425854556385209291035358217867	9.960741579839806216279500514916805193962341172540833567794637290738861173980236	-14173.42872780119522990346465231448315344141552570869145490994161361290997133194	-7047.528327435726256078934335184451930921737412801205239019417274992069612497139	-14015.60182312494369188034781057047385237100350043063641674130107745479875479143	-3465.684682899803708763702690797197499050895192300320674990459383155310225677189	152.5514452428560325974400362515725880757284369617426871767656624750769955639301	36.8751327492487775345610394806340233459447950741575834506021856775918275194103	-5.060547167007746257876026920089023028642207286016893653554643989635942358504959	-1.21169228617944726951906093910996034014064468671090654351220171957088211588996	0.2149122660324500576840291730489538699842671784482579935282768475920147953597833	877.930174953083231605395698708436446938760269376103224970791090347734725756699	-12244.15586516500126453649698678210237661855469608904034555263379510404350702839	605.7918370939463904173799992905129635267854811928584170825219032881032677673669	5504.825201619255394244821072114542181456686809878235702704634818701389336931273	-306.4529976622142318888510668456141416476252019317047704833455030644471237926798	200.8391008065859115781063733278417414066674317653092165523243784247148063523064	-44.49082599316453315163895352527441036887778799357204221171409147829105507666283	50.47707085093275418249899619842619399482158193043012603710168821196368400486089	-10.17616618712086440285970907141913806612401566638442988353685832330181027755971
-554.937675132620485116525461756870465602507636328079231561982268839642768155025	13409.50957160671758298313396294838956439113399674523331390488786201603389469972	56605.98718749315643985790855406794937928361921587163158244119245453419677706873	13449.09907404290601236355602030795461077041679340560657558395665872552164362582	-588.1176212155470000630182079378968576140335554046816958719109146338150980857344	163.8350061166955697669343788483835846798885228895163570621211547044445323839449	-35.2713159370807451061540226784099059445971063095267259673239114097698361119671	49.5502440165513195782674086941982161858524937386492538188294472637769701003348	-9.598154086009240702717479157692637634039179882502731274349254119206081504313781	653.3814582971871657541842573031576919945447950120200926284987344330168543694419	-14015.78228633979035549101843832498673547822831906902443053301000417345240843828	-56715.43298851056404421122867159849734963368071677643551634272436000860929647224	-14021.05952839371020914077371114036904508694661543855656857368438817801694347661	632.276480689263676178721667330247662128660218151255070049275242420531320754025	152.7968301305219801456463313435259690248379063973054092804364100103350163994675	-21.14726547558183960940546345426495754553060062639632729218843312477269396391554	-5.062237614806848012910595924743502685451914355159636260408236980106993210625795	0.9023724183237589474196427665262069859468791114947024078063038140647826799677376	-98.5805595995452597789728063998925777166815416789421775797078349228246601211214	605.7918370958738630561798860692648026702588613177660693088793389306955086207849	110.7122248068873108908275827018139828820744942408049928588716026799687720354512	571.4771772890947279356595416583717819810218229008978935612300117656171437184075	-44.29487819610299516094574052745226039132843840386898548969453554662466096130616	-316.629163849838987344961394007726835050368222399612804798435096148474861197759	56.41914625516654548061097385230553780856401448144046331145062370527422681069301	-44.49082599308042001223950671684364625146139758600001153438394054988332874129531	8.694547537412840158329728578477378405686488563077465249654624590308267307553563
114.2847621003632880828398869174882642356594257843077520094236045677130754730297	-2039.162009110454753546218926852174685143270606575152441824171366078177446790993	13449.0990740429060123635560203079546107704167934056065755839566587255216487802	19054.70455459189187793567405239432033254253987862931249575091532593662148877891	13459.05981561519194388081160128901927115301968676124182892133606323303443110036	-2088.428541454075723625196242332117811901603886187732637608062988440849856385635	163.8350061169821665361170875648930067362253700038448194916272041435273551403078	-237.7155812016376133256323834361747184460717450484002402729351274285493513750314	39.58950243669878284797797322558885154705568303542543217588044592286135382973476	157.8269046757304886549636969509435424932416822567721430883103652263468613693521	-3465.684682899986920161004355528568232700479543531252550052928220631132001465139	-14020.87728255759030282777826297303690855999378058428647939910730803315528151568	-7010.653194687232419437341362325292615989970322649382599820145799831413250496453	-14020.66237029465205224701777593613516564605799557667425236805552266532456890683	-3466.896375186695502277053376883668223258816843426965609952502217341853001977688	152.7663575092041158180141220676530552955328191565469379778752312389132525614441	36.87513274931026486919009581117887362292556982798002642794894058398428995210822	-5.275459432993786525379324834880030137484815936722681333855065017738067106684493	-272.1383378562990777852351697338721535501279316657178047225860864427214145975873	5504.825201619908729527407909216875531302803355662896351839382771190850932597968	571.4771772899851920106931853452389793035086853439678202077682617410147989195858	-12043.31676435875796066269739224970661599845241069457776951801612364251167630587	561.3010111009260668251784795747826565660165516535409497385422095464083719315856	5555.302272473892125702855983722180492155274791810426023148057830198889225284844	-316.6291638495161561311308937505071108367736354981523087526598242982781371844504	200.8391008066240317047143807202187017047875372645165669455949015953606645742566	-34.31465980599459741967834958580989244098609048844556991317476644496454877202211
-23.58179199880070212353012859229157321646461503347456417094194697224962991550338	153.8742645370814656384610838862019751183974158121694656503359825063486145865408	-588.1176212155470000630182079378968576140335554046816958719109146338150903459676	13459.05981561519194388081160128901927115301968676124182892133606323303442973705	56594.29766357934940400024041534401311703031641540992013881406895598814785356019	13459.05981560908270011833489112812116286275700014689564191626454272445085651742	-588.117621214787467225494848550389382626488072079219665611791399130318543977014	153.8742645380319089628254882464227712491794415179549228156855814279806720363073	-23.58179199875031911794940373708725418309456478039880158101825653102301922432374	-22.00735002750844677369713353427339012360554071937423423805407421940988814367074	152.5818256880202073012352808695626143730282330649463228281168082437795819395939	632.2764806870966190042962641856263908558955729481000134383218146669274096648391	-14020.84452394779618989514580116088767852633773983145048960109550067794077367197	-56714.57290393712464295258657901610216240097806793534576031664133374875370660138	-14020.84452394604524632349958729720065136632978681785023378478936169407876779578	632.2764806869064467741021420026840181928339933407828461466987736751897662377065	152.5818256882057988511106088291500167177501193867977396961152930710529591814371	-22.0073500272491117447393299516812435742482566029736469179096292859163760114304	45.59113386408596738214472945401031490123486475704754467688041919396231936933127	-306.4529976618355535805559804861187361285617849883626865936257378453374526915775	-44.29487819648799873684721006385341495174619254495872144686411900234794173002944	561.3010111041277325378534967632315210634388605378549450979748843766203335308137	121.540237244623611048611722495362770461550963246303551853072209161935721717356	561.3010111003535241100907668584957468580246470003676726453077562550963080639247	-44.29487819604624891323698134003083234333711935533926119188173687592410498452222	-306.4529976608724264561827821814333818155518574411386692255163546005331324895691	45.59113386415296689432455096331037953399193318150067061538020690504639720930613
39.58950243660236003126115677713691225612888704090267230304857981659075614848514	-237.7155812017707871219130347031580568521604181070041566537402366388427919106448	163.8350061166955697669343788483835846798885228895163570621211547044445265623349	-2088.428541454075723625196242332117811901603886187732637608062988440849859397391	13459.05981560908270011833489112812116286275700014689564191626454272445085455842	19054.70455459671502909845794066230608951968358531232508484739311203996536569438	13449.09907403442115933263560857348018532664568825909867383544481918938209992418	-2039.162009114130358454633857734944412398946264025787578726249071232274974729968	114.2847621006718950059463277069029504018027085759560522818444810031995944338748	-5.275459433083510819931031546444323968530758411035212590044413103508873021864825	36.87513274928079774003038663844588896569181637589838641330066707949814583710188	152.7663575091210950500157065679053455359888169399437482119255397269480773772511	-3466.896375188232169341514526901044247991684792504212858549938190188020416933824	-14020.66237029849610073139330310755971777473499953192064004316507823989062157598	-7010.653194689254366724815516527773761846330390594631074359170794545550203236852	-14020.87728256123939444093150978601569733733830840460444090409462356700171999302	-3465.684682900970195467894794951409870592526801915601772845011684435383853425528	157.8269046758119509933243064681854452577233826991790957634300397916956315474687	-34.31465980605215167516964340350519461445171837578729220394887963999955042612048	200.8391008064591533944201064898623540397962170995432172921089239365233548202607	-316.6291638496925181454928204585987228213277850420088334238750431728552526945629	5555.3022724740467283876267837185842945948780154288968629128017827521953284164	561.3010111025611321033919170716182668386357824785546613759450207146066272546168	-12043.31676435276619843738773731647302862298335776381056962729803424928116399767	571.4771772913441278988902993921522321115576671121431190331261293859920111320635	5504.825201621550580067869928451654789875507059380019345819750323960843673473424	-272.1383378563010059203414516175527309813066097140784364476203079440371851797181
-9.598154086019690131872209844740234125105744303983677574771775311509711192232704	49.55024401647868783933403824029089127896972028691583916543446065786965119964102	-35.27131593708074510615402267840990594459710630952672596732391140976983561921744	163.8350061169821665361170875648930067362253700038448194916272041435273588120827	-588.1176212147874672254948485503893826264880720792196656117913991303185459980842	13449.09907403442115933263560857348018532664568825909867383544481918938209629271	56605.9871874923599240325412278486229226377845519697819155564603463017267286293	13409.50957162204590609460623908863128819246432597877971573243332078077427210247	-554.9376751331722946686355960339569673890493168673158751010708239746639709611129	0.902372418296096378863556322132675907011997191037046134659108984188668875463382	-5.062237614837993044499988419127749439468481527922178523643560774783768927822506	-21.14726547550693972593609765529403730874871140273330747845806306980706275752914	152.7968301304373675283694956555282902266316268129909199985213390449324306513194	632.2764806886360089501282403601664737083197781345658497273482831901280639793889	-14021.05952839474604895931044961260611146593489256823197264410133128953081047515	-56715.43298851000625614727563814051666580249086292641755558572142403714934233585	-14015.78228633578873915083620785434367255086637914799750238179059543984334255101	653.3814582997589187119647848653770174574382297900825721519650863654033872724742	8.694547537401159221210233521818775940080127473156520196474037924988448537200988	-44.49082599317451643565744884621471171794461653490665557061095502893305704041361	56.41914625515769282565771570753471953205900404839745240584171421647493539674176	-316.6291638495098866318059274265896885879412464657416578672053581881899888808968	-44.29487819562130608898329603176542848059307643150712789130972829463091437576555	571.4771772810230651166659611601216609169061023390561446990404553607369806740153	110.7122248087805741309987617900936153592622749385334287914630516918819013852269	605.7918371119182818256139570054056048109825061972790544374152158300890239504732	-98.58055959962645328740925620228779322053120078253691796292848446907234926292711
9.960741579841099948534773291129307650168737360008365455706309269930617145350351	-49.26653234226701452318874037125870174512917302274425854556385209291035624527956	49.55024401655131957826740869419821618585249373864925381882944726377697318681245	-237.7155812016376133256323834361747184460717450484002402729351274285493511393848	153.8742645380319089628254882464227712491794415179549228156855814279806756882487	-2039.162009114130358454633857734944412398946264025787578726249071232274973069755	13409.50957162204590609460623908863128819246432597877971573243332078077427063927	19292.42013580897858414493401339297074881720862923597441411201595677392204504623	13295.22480952109242765187369975060915438991099119540341401105582474712281054953	0.2149122660293992864662408126841405909459045811919389235005634002437167944128416	-1.211692286132316876474027248144425252684445943134932770403098968532798559688712	-5.060547166912927892969300795371741999658854375729692432304576358394209001763553	36.87513274925822842325532363853944873947301824148393486670242907128769654165435	152.5514452426256984007415542393944858218241574505478324011560808684264249455113	-3465.684682896063878450162884340168984972196859375052244963405024953488819120726	-14015.60182311267349006389981676497887137079235289849856001099990790717011737817	-7047.528327433177241899849212056239104928681578910536648101592608189920363204538	-14173.42872780103274603272355950583641356669794381108275515079924507763983304904	-10.17616618713038092102598873976027712686839184735589944074414034571618050361922	50.47707085100454067635167541333437508224945270348437879889135538367500062620461	-44.49082599313436433809426732672693843373620764166033463379738990195660084700142	200.8391008068350407894896622257329034445988972375698081228588001454662964303816	-306.4529976612442009577823364219620348497175712904744426713471203922788533641588	5504.825201619070259298995511957261811717643782169191106364094700404469059833899	605.7918371092257108649317130706687840181173983155732268110631374403640706301338	-12244.15586517603156688258216543414549771494742468592269613964033683987441918028	877.9301749503653010300117479769575894953127541774537237402064996658860939137894
-2.09136985235572642106669373386793501220850027330234177737412628731759178677232	9.96074157983980621627950051491680519396234117254083356779463729073886100530025	-9.59815408600924070271747915769263763403917988250273127434925411920608018799657	39.58950243669878284797797322558885154705568303542543217588044592286135301900387	-23.58179199875031911794940373708725418309456478039880158101825653102301928845054	114.2847621006718950059463277069029504018027085759560522818444810031995927167049	-554.9376751331722946686355960339569673890493168673158751010708239746639727540755	13295.22480952109242765187369975060915438991099119540341401105582474712281332184	57184.50665465991222869798587359247779209285819970759664467875939993503435801704	-0.04228786623943744518775326954552540927873118190938426021659653536634726515512193	0.2150044418287078200701110959079607817687016204802222790627472770916181805372838	0.9023724183100141065310829228228965100691467433804998954768088797898828454530269	-5.277242056625090162129579455914840119719285465518981733600579049720970819082567	-22.00735002752333251528993144695351924533515840142920052089876609778063942211236	157.8590677450127491834337233648174010293945372915308867799515523580133234391524	653.3814582977247065992782980281744351336297231033054505724817447274764463385452	-14173.64135408577758596228676988676783306910592165431963925532117105297853904665	-57346.80709678131708538876911323221278380569405687731798571879960562954358706326	2.133464853463449495585868768283692345373563112420297942052363218740672309604874	-10.17616618713913165160630659167400201050115530365972388695569544157094471597883	8.69454753742641910603735430911660233393237635563245291509112247417071129244528	-34.31465980604569882361789695147356288289899412004757568921742574449837330519215	45.59113386426150414013217219520096719375959194453919558035715530839941355952525	-272.13833785641855778407718325425023012483980923467570139567750130793314398741	-98.58055959960847752707898159078016574660189996775424811631919740313817997159679	877.9301749492950602460703232997451547754837946833355802873730044551286904568563	163.7016505191601814095737524513392565435553334573156469507570359052302961869416
-57346.80709678491112764683724271066276798519690071892665983224007506000990188062	-14173.42872780119522990346465231448315344141552570869145490994161361290997302451	653.3814582971871657541842573031576919945447950120200926284987344330168538499785	157.8269046757304886549636969509435424932416822567721430883103652263468574018792	-22.00735002750844677369713353427339012360554071937423423805407421940988993636716	-5.275459433083510819931031546444323968530758411035212590044413103508873061880339	0.9023724182960963788635563221326759070119971910370461346591089841886706331840462	0.2149122660293992864662408126841405909459045811919389235005634002437174635767565	-0.04228786623943744518775326954552540927873118190938426021659653536634734995895116	114695.4019065942769683850510217659449821177154412127342444454345834742306619418	28345.91528570250462283258331215399358944727900040689151263743039700394624148471	-1306.658588630229445506828299647331370357052412184713614099445982015089465405971	-315.6844963969967829663215788887701918890135504963065236821118005469129603233557	44.00266477302408274296721865651425296297047955128119103009054044388382197955611	10.55055032997061189983722969801972144354911884283983894849969610523076225595466	-1.805199954624329689710583778304056104301319690979362616173406876722848047172038	-0.4303511961900618907600263154859968609668354577746320158058816113693234693892066	0.08434069721196016577087371241860823716528912842082138317752902617970168854842581	-57346.80709678496739523787309852648446486909615469555305658405106877965368454563	-14173.42872780179480040107682976250831939188700204886554602976982736219277446482	653.3814582971215291062592447394416028386626487900624548162858410706193194069925	157.8269046757351723140460087954156512464250300015342567634943954793354778784835	-22.00735002751497038222348535876172263031630510789830151383006760182849015498498	-5.275459433074990581710154456486844008079231603945114214241673811356838103677251	0.9023724182936635593395632931386333422026666853284972488654833288600529501965641	0.2149122660337286084701299031119891900446551904866204476981670397411443093451091	-0.04228786624042870032858458084872873088059666391895300909183741247921845113801178
-14173.64135408457082017179416481668409022381699601886485372334935875457106275184	-7047.528327435726256078934335184451930921737412801205239019417274992069611991861	-14015.78228633979035549101843832498673547822831906902443053301000417345240074534	-3465.684682899986920161004355528568232700479543531252550052928220631132001253179	152.5818256880202073012352808695626143730282330649463228281168082437795835454293	36.87513274928079774003038663844588896569181637589838641330066707949814584956284	-5.06223761483799304449998841912774943946848152792217852364356077478377027138752	-1.211692286132316876474027248144425252684445943134932770403098968532798169249846	0.2150044418287078200701110959079607817687016204802222790627472770916186652209169	28345.91528570250462283258331215399358944727900040689151263743039700394623696366	14097.472207599813096018768045459028665127354930614770406444234527725745192182	28030.230789306767892710203690691820634678239289245412767035003755042524668732	6931.502165100746360537001758421116397472819426632353317684741360668799401978834	-305.1339460672230821825465211967672821198476748573795641884897051157644149729115	-73.75987903115214182965621954581518039078461181006786719898720417796141963894082	10.1201991337945235798755058918381764909071053682388840137223091313421599051823	2.422661934932311744404246745723513461863268399191955133298140983812537092488549	-0.4303511961800147609608666366183297535982602209763879385400855371336938094564989	-14173.64135408469631267676825308835815692903697063245188819589714286757726517242	-7047.528327436384231510347875182872094466200496115663008091375735977084241889116	-14015.78228633944567292678494760853288222922962553387350932787918760085386268442	-3465.684682899889640567204029159868284921228235879046834098099291007550191367246	152.5818256880414426434443271130440846106147159349254494805326706361717213002248	36.87513274925427006793241204661119400320995768532253614183132789738765110530449	-5.062237614833268953852380439876516151453177215759739134845571791056653196993492	-1.211692286144066174078283677137724211805440859127601886150268891020399457938257	0.21500444183115030820035795954346003912974894427592076101922913593491060707467
653.3814582971817090746431818060765927177883971190217136402597359004049232603496	-14015.60182312494369188034781057047385237100350043063641674130107745479875323683	-56715.43298851056404421122867159849734963368071677643551634272436000860929488184	-14020.87728255759030282777826297303690855999378058428647939910730803315527958271	632.2764806870966190042962641856263908558955729481000134383218146669274172954338	152.7663575091210950500157065679053455359888169399437482119255397269480781095672	-21.1472654755069397259360976552940373087487114027333074784580630698070617074078	-5.060547166912927892969300795371741999658854375729692432304576358394207201013456	0.9023724183100141065310829228228965100691467433804998954768088797898826173847523	-1306.658588630229445506828299647331370357052412184713614099445982015089467997858	28030.23078930676789271020369069182063467823928924541276703500375504252467487175	113432.745982736940055229822051519620190624064401122073090259639000827770093012	28040.78133963398056245652970227963452387229300623133936520169874000021127586843	-1264.461123812415331877935688695540411233733420357352272475913650651672017725616	-305.5642972632353683531887110688685932471688155064511809676872718333360039816115	42.28180551568632126977245862454152060264646495708322989861399869956015688767002	10.12019913382153636470373560024900805959134778633646446160633542217932002394379	-1.805199954586843600796055944150768605144976432808913949122411383104052396137202	653.3814582972176738591426677512719890573729763625816964250042219556272201470248	-14015.60182312664451876137674384485093776644410374600541333374335690166193114379	-56715.43298851101449594547670012423224006351261109817462912306230634829131291273	-14020.87728255698662751759647622130957140443209476660025596585626466807063230761	632.276480687123638560996482070077208270001287942239013143970387609947842663483	152.7663575090912301992064278168344627519031869548872796753389304527989416129042	-21.14726547551228879517885375059647100736083294245388488550908886187862557893404	-5.060547166931482738408842917830510191450228050792723836555072687611212107340647	0.9023724183131298100463954673765347071705568594566688232188507266853290085320831
157.8590677449091512853124487089985540366432171604119116970422810104403288805046	-3465.684682899803708763702690797197499050895192300320674990459383155310224867873	-14021.05952839371020914077371114036904508694661543855656857368438817801694663294	-7010.653194687232419437341362325292615989970322649382599820145799831413247060601	-14020.84452394779618989514580116088767852633773983145048960109550067794077025769	-3466.896375188232169341514526901044247991684792504212858549938190188020419910878	152.7968301304373675283694956555282902266316268129909199985213390449324288850088	36.8751327492582284232553236385394487394730182414839348667024290712876993544901	-5.277242056625090162129579455914840119719285465518981733600579049720970634960282	-315.684496396996782966321578888770191889013550496306523682111800546912961671122	6931.502165100746360537001758421116397472819426632353317684741360668799404204834	28040.78133963398056245652970227963452387229300623133936520169874000021127703435	14023.71232857103022413337774286221539998219491636464754857946693641120307707013	28040.35098844756250805787856844231533422125624557293443215126172890012679079995	6933.924827037251290606636904395446884366039634943248992347649485795507982843472	-305.5642972634993757557939702944501663222384519330808687620960672073727970071703	-73.75987903113729083662779072289692434338790812327696339108981250170990307589247	10.55055033001560136654035539872383346589980754537023146150464708066666798467313	157.8590677448980068561412970454906814101871022173258649811972313078250853160195	-3465.684682900113659098382689080832186822732968505685609534816850514928432025393	-14021.05952839353529975060032530232429440036246914850173376874305252898803293538	-7010.653194686567972805086391213701770027780477779738700703626186189039235906714	-14020.84452394740506711931038566035612432241664084202100731091008787364036287832	-3466.896375187611353666863311142183464791946044151243872484602063457990884722973	152.7968301304929067300587228458104653419097325047267831051495787245952037986114	36.87513274934050558979611068503380062822417205878404988533225540500381793283776	-5.277242056635330949778870190749309707072520113318506457544101864451086770106206
-22.00735002760807442533984829102960770418373738991941918532518218305976925345162	152.5514452428560325974400362515725880757284369617426871767656624750770024268967	632.2764806892636761787216673302476621286602181512550700492752424205313210082384	-14020.66237029465205224701777593613516564605799557667425236805552266532456548733	-56714.5729039371246429525865790161021624009780679353457603166413337487537123291	-14020.66237029849610073139330310755971777473499953192064004316507823989061898294	632.2764806886360089501282403601664737083197781345658497273482831901280592488401	152.5514452426256984007415542393944858218241574505478324011560808684264244483841	-22.00735002752333251528993144695351924533515840142920052089876609778064000166753	44.00266477302408274296721865651425296297047955128119103009054044388382024134272	-305.1339460672230821825465211967672821198476748573795641884897051157644144489113	-1264.461123812415331877935688695540411233733420357352272475913650651672023675958	28040.35098844756250805787856844231533422125624557293443215126172890012679554682	113431.0251235000564128949104357840516724654306842328348680212350259631145879046	28040.35098844412184016767628262997808817624643519730987389933471765580865342098	-1264.461123813220100226853133048166663228691264320394701085082585995430959631827	-305.1339460672581153335827562906287679163316515185301457757895504548474839559741	44.00266477309181589796846709281592673837680446065943013778271842649436172552272	-22.00735002767158341634696723271830160306949501625052546173860194676405074381349	152.5514452431388099563428350815194436041629267830507403864850687806017878260757	632.276480689034265356191264764210646302897608031534837678242855029996116438626	-14020.66237029564878822785813930497960531759046570483349320842463990704987968547	-56714.57290393929784577540543159083789114277872021457228720465455101651951933802	-14020.66237029459931136126094053475256217506354054541254424676945330259071183841	632.2764806887132358134894140007784041219054594509397275177918899537893731383138	152.5514452431311098924902086577980980905484664116288630210556489452612749775143	-22.00735002759911133011337967938381959340400922851728843169189399258146118766992
-5.277242056666039745016967603335948678043080723352647527363122720766168927928852	36.87513274924877753456103948063402334594479507415758345060218567759182862987013	152.7968301305219801456463313435259690248379063973054092804364100103350156679694	-3466.896375186695502277053376883668223258816843426965609952502217341853002243133	-14020.84452394604524632349958729720065136632978681785023378478936169407876726475	-7010.653194689254366724815516527773761846330390594631074359170794545550196334019	-14021.05952839474604895931044961260611146593489256823197264410133128953080860289	-3465.684682896063878450162884340168984972196859375052244963405024953488818865257	157.8590677450127491834337233648174010293945372915308867799515523580133239471702	10.55055032997061189983722969801972144354911884283983894849969610523076169660273	-73.75987903115214182965621954581518039078461181006786719898720417796141951949473	-305.5642972632353683531887110688685932471688155064511809676872718333360023247141	6933.924827037251290606636904395446884366039634943248992347649485795507983688339	28040.35098844412184016767628262997808817624643519730987389933471765580864936941	14023.71232857135372420744433262231250597711844549928867170733703005553648553743	28040.78133963796193465173376811867145406041332067816852858385650358570474230176	6931.502165101030484645731175426350991851943225761939795835355017147293102150533	-315.6844963961141164095080575634985066119412236874134502877218397346585777772128	-5.277242056679253294544621160268853716912656578667037211912759905363151814131552	36.875132749308118753276267448962342721249886013199671794711256806424372340991	152.7968301304737467603401935615159080778075719523228060979401044280078020030762	-3466.89637518696609503166904114879480699500508261898927339933321490837773880646	-14020.84452394580033342246222640132739820483394807769635328868367732255058585976	-7010.65319468650550708664432571379234933280114196199132756752751330386119120687	-14021.05952839335120277353244437513164434377473360796370801264054687234327284674	-3465.684682897367172994370945645482825232570752534432916647006820949779688689034	157.8590677449959342293694180584917125560281411322227242442400455746831507724528
0.9023724182884954281196604179388221651238386112106097574508435711741696413207747	-5.060547167007746257876026920089023028642207286016893653554643989635940222140017	-21.1472654755818396094054634542649575455306006263963272921884331247726929711472	152.7663575092041158180141220676530552955328191565469379778752312389132596495625	632.2764806869064467741021420026840181928339933407828461466987736751897634097081	-14020.87728256123939444093150978601569733733830840460444090409462356700171788545	-56715.43298851000625614727563814051666580249086292641755558572142403714934086713	-14015.60182311267349006389981676497887137079235289849856001099990790717011911686	653.38145829772470659927829802817443513362972310330545057248174472747644956479	-1.805199954624329689710583778304056104301319690979362616173406876722847074269824	10.12019913379452357987550589183817649090710536823888401372230913134215643126139	42.28180551568632126977245862454152060264646495708322989861399869956015374983134	-305.5642972634993757557939702944501663222384519330808687620960672073727984886007	-1264.461123813220100226853133048166663228691264320394701085082585995430959449812	28040.78133963796193465173376811867145406041332067816852858385650358570474569679	113432.7459827437627199644165618152363577465502640106919183620429916076060566307	28030.23078930826713584526644872015626787578472556718114575321790343071667360163	-1306.658588627793007312162169977817279165293243259466049291643081977675972355758	0.9023724182969818992188658885417082888191584488287648912586613860890960350670163	-5.060547167042745968498209299261626213765695600408221542972747307546129061730416	-21.14726547555494425769146216004912153768686076398952983439420865821684851287417	152.7663575091598944685094318232416507327458984084986350312209601641724412899978	632.2764806870160877485544962046040514230141135497733541287920299954171111393787	-14020.87728255813470015573327459407903289975668597127682704111132905638395136381	-56715.43298850929228867409490111337635597619939399831969094698377817202151252751	-14015.60182311747546547309576932152992896841199745942160568041883726316879408964	653.3814582976508355026062729379480174695712788573978878258025241002107288160149
0.2150044418299040818523791905141586860304497631116641056693296705334991327786994	-1.211692286179447269519060939109960340140644686710906543512201719570882065436013	-5.062237614806848012910595924743502685451914355159636260408236980106995419101086	36.87513274931026486919009581117887362292556982798002642794894058398429176839202	152.5818256882057988511106088291500167177501193867977396961152930710529637766548	-3465.684682900970195467894794951409870592526801915601772845011684435383855204933	-14015.78228633578873915083620785434367255086637914799750238179059543984334948696	-7047.528327433177241899849212056239104928681578910536648101592608189920364986243	-14173.64135408577758596228676988676783306910592165431963925532117105297854051707	-0.4303511961900618907600263154859968609668354577746320158058816113693228282095674	2.422661934932311744404246745723513461863268399191955133298140983812537389742085	10.12019913382153636470373560024900805959134778633646446160633542217932284888648	-73.75987903113729083662779072289692434338790812327696339108981250170990362349907	-305.1339460672581153335827562906287679163316515185301457757895504548474898720828	6931.502165101030484645731175426350991851943225761939795835355017147293104034963	28030.23078930826713584526644872015626787578472556718114575321790343071668227839	14097.4722076028220101841011600133261608650488973922765898116943461402213837392	28345.91528570972072483103569031586670029143795587580555874746174225718188447495	0.215004441823570059262568870193895420112451087932296613923460176758505822244377	-1.211692286152219405223607809539420741712576588640128852682348914856296467383391	-5.062237614829164597189546861634873415415308764969717296312786776260186384017593	36.8751327493890087669431819718789738481356626278898737848662137561171759505984	152.581825688165886476552805836523012108188827589313538575007411747832171333899	-3465.684682900035251054228878181980561122096824966688982228331435586379825488583	-14015.78228633564790232944590152033682559740373611403039110622745888858184510255	-7047.528327429756149015000807061106194186234841255612913590871974631283712186495	-14173.64135408448157137283884973519778060999067452230587566602880698112462712483
-0.04228786623770932847923553944094561711020273064422823622205962034286097741566498	0.2149122660324500576840291730489538699842671784482579935282768475920147845298897	0.9023724183237589474196427665262069859468791114947024078063038140647825852968142	-5.275459432993786525379324834880030137484815936722681333855065017738067602471869	-22.00735002724911174473932995168124357424825660297364691790962928591637482458096	157.8269046758119509933243064681854452577233826991790957634300397916956317910214	653.3814582997589187119647848653770174574382297900825721519650863654033896895358	-14173.4287278010327460327235595058364135666979438110827551507992450776398370225	-57346.8070967813170853887691132322127838056940568773179857187996056295435865369	0.08434069721196016577087371241860823716528912842082138317752902617970163216868589	-0.4303511961800147609608666366183297535982602209763879385400855371336934889151369	-1.805199954586843600796055944150768605144976432808913949122411383104053478379839	10.55055033001560136654035539872383346589980754537023146150464708066666876144164	44.00266477309181589796846709281592673837680446065943013778271842649435949068514	-315.6844963961141164095080575634985066119412236874134502877218397346585769369449	-1306.658588627793007312162169977817279165293243259466049291643081977675972317201	28345.91528570972072483103569031586670029143795587580555874746174225718188426214	114695.4019066025404176304513233984935612201057217224161279578325295204911568713	-0.0422878662375286555155534212362374853600712810750287296529835694284942909122137	0.2149122660323573014080704873510092709817511213339613101260742982714736512675233	0.9023724183231965901580888798716439313124930290971867227299993386015715277221948	-5.275459432986614827921060223176354997501058386912673565013860355589217036769449	-22.00735002726392365506902494900201976798239988537556972539405399656628762630474	157.8269046759087680043658627431931219155547381941797164745151823295513719711598	653.381458299508554160321856498066016612138168457715441648611460195865721250318	-14173.4287277932910360617325374197425611797902803449388550612274773349145228878	-57346.80709678046781997953376658409537417959476691448355542114712016443427505331
