771.3012233658265558215840475910738508403275325956617994143425978427776199479018	146.97145579048539953071858977278760379144737241099670063866496987189504745714	-15.56949499082416719247884713159631932316590669541749628159911445401888201876818	4.594740072042455427417604301744391880958483362973572880444127526955928539901392	-1.124461804179344291435579632156873177775156929439944569520003574601740875926086	1.810917445534360226773974585077203326315964357030107568177404088834181854546871	-0.4916362911171449694118145527172586044740982155045913929492692419076331749165422	0.5402092336546284119474844070448179657960411622120433954328738472830690294622988	-0.1187833655983899728037221562328694300513604516452122390052880005049722004346869	-610.133771601356072917489619608728240418128478712762863609587563951316745645691	-148.38062087641727835631735083220427837110601135266132361742105251151289603679	17.20099726477669476000457503459341228712722132979052342879920199345984436288453	4.125000229982087081385814235637451704636698027488478832281141524491408630327063	-0.7258551455367671913263275429729915069474976816215908847537226152483060927249445	-0.1742524835173322997229450772410783122658829465986298995649681959602478320522785	0.03269622115817090372428497360807994072884885899812480218764147526860922589885766	0.00748774503898543456264184533219678998610415257192326077926535121824120685794525	-0.001957953045539459425083144430423949130535466839937174078994473297282759073859373	-159.9485226953596015275231719787476129939083039883320728392371938092388578498651	1.117883603876444648192357255019682498549417431844054149651273394598200516446421	-1.749322481299423771584634483110270145366655909507657613444254458971582417924442	-8.732611297416619482404432249085556486930693222923503428538041680584091444046346	1.844112950892346086374969796293946167874134249739798403559395169886610398832492	-1.641730275509476686599271896016966194130491835317463862838347653471867550980805	0.4559274975916768858371709418832772106081835374033487994545709837466298214960278	-0.549191720330312500444127651148789265988766027068352725312301203717978862319647	0.1200455672611249913585617108792248504898715523710190369407391054418306501824954
146.9714557904853995307185897727876037914473724109967006386649698718950474961971	346.5659220149368881712594370010374111764222493109839745538779781515696080493639	151.5661958629635460370592565875414761769616365386912649149984229030563864807936	-41.55881015914680465768281334525351070300959804603574812499431004216420853451391	6.405657518110540806663368792739174516028147693342336805424237040441720249519102	-9.491249666714958786223243985377335370688177755169884808632256230699459403237356	2.351126679264915213346526720364217549990680889676819051062948689627226847994919	-2.527331082620946922740304538912501939574595524856915394398184514127690358513913	0.5402092336391174269362866190751560597139784107634911157890121407655852316206796	-148.2838603665798145637772645595506548866603703624909100393396945545153193345326	-73.26281072714818326864723819990740787868092706590055343445587712720699167304027	-144.172550668472876910073572097561798258475140269582958939070818357870414765863	-35.0306493918109406658587516848902914171029167008050765458626137274476141733727	3.937853285231784621218004092059552919401495135396952509852158426703375362519024	0.9427931732134612018098972871740062018363918798733404070246014203256587817883728	-0.1659938116791110461439184879619416247706214075001149609294770749349582035203803	-0.04014314831290390254049855014790841769474481900014168505678115891406713586969657	0.007462601242250792229478215355731930028166466653042471743647632188552452059956204	1.117883603871586918507648463794407617558174540538557862820619733211984550142065	-272.4919901166800621605135154767297424914265033005419379738420303752710042735032	-7.614727693181472256306619459181169584128750441270449899474614359620381089191607	76.53793774400057275648750089672409008257664250950562709183611255627442258478245	-10.37434157239271421323115926128793489453768631952757636487870912260709857468086	8.538590973577716601694291781071941134036577361160107407298387070775887591859386	-2.190921995764726552869755225773957714747605716099615361969656202490321672199261	2.564196206522518854025545655497720451064942494892269577363657383063847509458078	-0.5491917203462971762925743853510360870888535272487248010228880624411330942991869
-15.56949499082416719247884713159631932316590669541749628159911445401888198335091	151.5661958629635460370592565875414761769616365386912649149984229030563864652513	754.6072665732745814377187526269448199992816714248869874657348048754424646875242	153.3771133089849550980114371154060145763204590628231694478412514318180083277467	-17.18559308389462531459366955925858095782018949620541706262163184238850570002316	6.945866751277692199317395576927105722027867547502976856322431872862075810837899	-1.734881460617403906656527098490102861354148811438488098123225082111536171766613	2.351126679466120432398202602063084532557048474977634605577829298782061310873271	-0.4916362910506243794545344758078479841751712020759084910246822995657561000180948	17.20099726474027845501134363651890500826204934666849154211418118636580264500203	-144.2556206458935118680467430005337700432694114080270326523721422720285900442051	-593.6586294800127188347835263650877985028885660694624904817141053311930891436195	-144.4298731281228534946954420422395842832337529267496731223186194857253935783791	16.50783834219824517528734764557082871665485961212047882550629019431376886125539	3.958235492318810424121337713605163513365061431993839561900214175486652809464164	-0.695116877298736032038234954930390564176650775255702512654198535530546785843917	-0.166764738360837319349769734460615827448583877992122368992134712443821313715548	0.03269622126483608139698626219281517783525664534881848133066549722696553314051799	-1.749322481300653826206316431620084706651777469916459343694470387900738381300899	-7.614727693155062643864004924652073663459085821233657147023458168526405144476838	-159.8537322234914817491383877065960971385671985529444351625049472801254869500397	-9.256457968178450463019998496402480613992455331537776456338735468010156872512063	0.5507179694097244956733990997628468965258092133285911344848980165960572633036386	-10.92353329321916581994709484747052634186721144927651113190935258867269664111084	2.420086016024705596982364623154654998577444134153453946851986021320765599391541	-2.19092199556272178184382857836915940291650150628342653921817345280289512981777	0.4559274976584326046127178540781212898139364422111210692167065474826879695655533
4.594740072042455427417604301744391880958483362973572880444127526955928508289768	-41.5588101591468046576828133452535107030095980460357481249943100421642086203975	153.3771133089849550980114371154060145763204590628231694478412514318180083821515	337.0746723491956539537314733052628952296920280510463456961611701084014222119564	153.9173225419763166376560656426232179880931046760976049761656406356638649709038	-44.08614124127859074402038965048599249406778491189481720819227802850358741137161	6.945866751629431354714246413723914342437972888309148508724055289914276740945352	-9.49124966618783991123401845294437720148276958822449975178028841653230645822773	1.810917445702281206151741788341830376273323107240212393945091267932863949639671	4.111309697717416994218691553152011110350258459698856540765597793387601298526353	-35.03064939184417763751584196368940167117980314837690897541514828046717793566312	-144.3460070808616026552771939672046596482818490701168544416635664534847356085716	-72.32001755345104824143196512515748438228585421031789066657607369990997501200446	-144.3385444801387739067626392087969135458750336159143241175636979131656599243569	-35.07079254000168189453174029131788960257831503079759430671798302335606617717051	3.945315886548141799494616560681774117088106063588650653377221144366090495161523	0.9427931733334378792910510949697488432544468686612590486996729988819424902299952	-0.1734564127444039757716355798301291408970621659608279824234405738148597226838683	-8.732611297417526363395187545566375415920682943188302775234975927867479798400576	76.53793774400505629963023535399091537993588197305403148631675571100350272432187	-9.256457968167503979687574305753955032190209511217442593876593617891686262169166	-263.9533991421834572692002910320878481681804078580071016398837670210388951243564	-9.805649689108331680092929134016958226599260274539347849702045336653545014768012	79.10213395106722471152371722409365928021139046546728248929931465416871627635614	-10.92353329286508322724810968196160481826070750093869484147168921570553551165638	8.538590974098488202109411817624515834952334054554562835868415614525435412673878	-1.641730275341715757680240542079171079714112230680179332569987826202945848790899
-1.124461804179344291435579632156873177775156929439944569520003574601740867684607	6.405657518110540806663368792739174516028147693342336805424237040441720230012761	-17.18559308389462531459366955925858095782018949620541706262163184238850562769158	153.9173225419763166376560656426232179880931046760976049761656406356638649584412	753.9968469351773296294876370334525598753893124803036172368548683053970079180966	153.917322539781403991639030349707573015762812971004182476750140044999724321843	-17.18559308338398135710968979271467622968545233817812392269998699943159340164775	6.405657519467384359347000371710256014755418439035852127724053107041933131085702	-1.124461803889201303455248199485456198595268451123779507904327569929577023889102	-0.7258551454423395473738881805254676928276208870783104744026108556715392596416062	3.950747746622726288821343062005221818571047046250605076453455719769042042118318	16.50783834095448544063003469061897817219801681450529785871115213026416118335919	-144.4223853775961115794479733011413192338602908595067943479186736305513003270192	-593.6278911970527629098131619383953335255341939161356941936845730102966708581453	-144.4223853776023843846971345765918511817599791473540127182875730718181837888067	16.50783834112219887011608930328191813037440193690106159247036519846225872174545	3.950747747185024966936506958561103595044512890355749344608920837025916314299841	-0.7258551449527108925839863251959224883682489351129812587658354030207643559218206	1.844112950885587554174075322403574224149515695757509937328170971799012723808268	-10.37434157236245344558279458017987863160251569374931638846817549342464263476989	0.5507179693838671986361293382671263618336714300814125064517781168920308553482335	-9.805649689014633509856449966204940777569252159263572625130866031157678422233568	-159.2777591398691171500197124289971277013889447049093227848637069044877414381269	-9.805649691180828475325249926441019173518825949892259495368217113182427573337571	0.5507179698848378073875523160316971741675623412975441618336382323137864559415258	-10.37434157100355637817895752588088267254422749459467895810930702831993605976998	1.844112951176076623098311278013495206021804887917156588128527949242009562843611
1.81091744553436022677397458507720332631596435703010756817740408883418187211776	-9.491249666714958786223243985377335370688177755169884808632256230699459436801238	6.945866751277692199317395576927105722027867547502976856322431872862075732282066	-44.08614124127859074402038965048599249406778491189481720819227802850358744622415	153.9173225397814039916390303497075730157628129710041824767501400449997243063139	337.0746723519141775096967027906665553451835358074161036506456658470779668962544	153.3771133070513659326303564350392209663330268308207943315697056076520450307272	-41.5588101584273878462462822989999359767736161520990607168749719478409876657741	4.594740072348794864669620713736981072402845912590385356204923870137871856107461	-0.173456412972461491214877720793250610286499092045807292169283514908806896522788	0.9427931730520036894078238740853915773296486248921791304898474203142140949807577	3.945315886310952741185119066010945777415393456911125390137524029622596602789973	-35.0707925407072750742480102376631191061106338871962663561307748841764409513417	-144.3385444812909230381299265923524865573797403663640494187528271212221630906132	-72.32001755412704728822055146103534160397444103066138060283119337391071830282043	-144.3460070816843969124402435950622069180670875321642857446193901612090072446547	-35.0306493918979167451807344427154538026572632994617069249978022608265181077136	4.111309698216803198308387160493862212139316130073585624932687918838031358166358	-1.641730275507095372743658844764439033693713445575371532072577385264219426204579	8.538590973565794606958735859243747287767047968527557717225852319939210217262495	-10.92353329320786195648915131921379246678571940156176068061900420413137576523949	79.10213395104130665070076109520152197122657474391636443887399166689678542226968	-9.805649691193292836444330028388260821271832321684025054150194013080263074146959	-263.9533991394914220056843079625036631135477547533566396319322914003208647488708	-9.256457969937339196097652539209126348155013550713224214848112356387182943166977	76.53793774476014293103671739982647860099886462352682660974339518358606071053844	-8.732611297115886232872058181491871826795870481254341281110167072269852234082129
-0.4916362911171449694118145527172586044740982155045913929492692419076331688119931	2.351126679264915213346526720364217549990680889676819051062948689627226879007158	-1.734881460617403906656527098490102861354148811438488098123225082111536170900595	6.945866751629431354714246413723914342437972888309148508724055289914276799854454	-17.18559308338398135710968979271467622968545233817812392269998699943159343470147	153.37711330705136593263035643503922096633302683082079433156970560765204500662	754.6072665747180023567964919730308738410330519692845270231365393576595453230405	151.5661958729568210320605364467194230379729380011754708153658220438126622066879	-15.56949498986138765592701091792924670331057357475663901421376545278557772260183	0.03269622117056201271898141592627027729406462910382978432029603930457089183509722	-0.1667647384522859733397854118903311307449872727369523280157385524778975544419594	-0.6951168772587324237080360511046411660511686602667284292331358924159238539192781	3.958235492399850950364978539404440510232061731027311069381672355631567671383991	16.50783834209729765389730443193240335435870466481244926428825515266088570952894	-144.4298731273358302606912002410226572807844509668849568202869668676606777935843	-593.6586294775786738231365009654314443519563299337614811374510523580289683433835	-144.2556206425420344111379909085593625607760015303351069836618546426091604711821	17.20099726737461527415454414720234484811643437708280063281944167396235733569054	0.4559274975920074807496484343175783201882656094887933763081687606135308378058494	-2.190921995765406627097597952433051242420677740002562934671551236273904033207508	2.420086016024453159827896614284197809153971700938679228200927729245794398949442	-10.92353329286539145053892977315017075099355447866428378870892730779181010003508	0.5507179699118261345274499144112098109775901221234370901601607048036034439210686	-9.256457970103756723019878530532918621811135561293037861548758061221170862317153	-159.8537322220268266566081742957724051546857520804634593391101256259311018555816	-7.614727683152177342776576923003363142187880491456823665092201090378321797241353	-1.749322480324882563690224937836379481540520271137901027498567843411605585410161
0.5402092336546284119474844070448179657960411622120433954328738472830690238622099	-2.527331082620946922740304538912501939574595524856915394398184514127690406274793	2.35112667946612043239820260206308453255704847497763460557782929878206134854714	-9.491249666187839911234018452944377201482769588224499751780288416532306471060939	6.405657519467384359347000371710256014755418439035852127724053107041933185590082	-41.55881015842738784624628229899993597677361615209906071687497194784098763943614	151.5661958729568210320605364467194230379729380011754708153658220438126621870577	346.5659220191862985176356799047973882983405188498638894259508195328862513848152	146.971455794721970332747103573938674634901726696453203867031651675263193949122	0.007462601241609046582911528300115231569114826337282975020572389614945095606729143	-0.04014314824686053675260167297398282159837981996563623264683674151500227522785684	-0.1659938114510915821511378674166879017698806085841736000994432292980218867189623	0.942793173567792987497160500340363604937652456158449964366992860844248651502086	3.937853285860305908678420459822220275793938277947693122153258903424167355344994	-35.03064938798219217662083845226332519046147201974508539739696888802654474580136	-144.1725506596185470387592198165413568275517962203992533885246578630586981966092	-73.26281072167513888040691055054547943650016820976868424062387640815853053075181	-148.2838603628588720222381027875529822723136404373091368642251250854559819073272	-0.5491917203320793769802971814568796241003702783180776837540247443412099952009615	2.564196206528955627489208291822166057147902725913416485835249771662862506404941	-2.190921995567444711582025870617580853604162011171551451582928272964186456036444	8.538590974114346677822431046324217165353890733790333826807021448194622851314871	-10.37434157103826366244809562400031920276631744135306655316562792968761733310279	76.53793774476460351373782435447771709510080542975887576734546310296029995105178	-7.614727683182881819586308696457437015399958945954087263970066608103821677074592	-272.4919901127969939732559026758753130989942365646857907459064635755649092292035	1.117883607907701167469274998517732187055143231105795707754818428225122062814833
-0.1187833655983899728037221562328694300513604516452122390052880005049722003577764	0.5402092336391174269362866190751560597139784107634911157890121407655852297669778	-0.4916362910506243794545344758078479841751712020759084910246822995657560860340522	1.810917445702281206151741788341830376273323107240212393945091267932863935299469	-1.124461803889201303455248199485456198595268451123779507904327569929577019701735	4.594740072348794864669620713736981072402845912590385356204923870137871833133318	-15.56949498986138765592701091792924670331057357475663901421376545278557774547137	146.9714557947219703327471035739386746349017266964532038670316516752631939682371	771.3012233702786291020275397265191876102228977762408209132767223392106814209257	-0.001957953052383981815221268334379151913441606820505868360244277779390309695888071	0.00748774505051762422832043685424156006084835451274723264427390683131253542932569	0.03269622122485817296701412173501632668929122091580329250582317248677869735158017	-0.1742524833774939773384110285474540538045588497650158073531064055735346808260897	-0.7258551452926694846411144817256421368068682839047829645470431120231054668474457	4.125000230497691072484824180716006816994788420727055176840597078810587422094345	17.20099726607930394551022204146979210448824634357597623794058752649270289320656	-148.3806208738661371067671720410321131589793772282463671375658494208548054000827	-610.1337715969549626130519757219693128444084575509045644976452684991954214013997	0.1200455672615535701327268884160176642840735440487813057331165710574416903303092	-0.5491917203478651787751950533297441092344407355937894609080836021542196684472074	0.4559274976595822196525878923448225138267202573536466169259565362837458032357049	-1.641730275345558381578655632522585008998668655623882275661542773082491286987845	1.844112951184937024257749852308072191147051791977033443468163193843606886648906	-8.732611297124730700115838608832657149421370870307671574352855523535453909135555	-1.749322480325175646045499579445986155805965911390453987740036009824214325354059	1.117883607920314209958522572956387539327291368392689558986137877316310167375846	-159.9485226916772635259586481577562774102126980259980389025649940069467139470106
-610.1337716013560729174896196087282404181284787127628636095875639513167456593806	-148.2838603665798145637772645595506548866603703624909100393396945545153193489916	17.20099726474027845501134363651890500826204934666849154211418118636580262791568	4.111309697717416994218691553152011110350258459698856540765597793387601275120332	-0.7258551454423395473738881805254676928276208870783104744026108556715392700866807	-0.1734564129724614912148777207932506102864990920458072921692835149088068980665226	0.03269622117056201271898141592627027729406462910382978432029603930457090842144187	0.007462601241609046582911528300115231569114826337282975020572389614945102184807377	-0.001957953052383981815221268334379151913441606820505868360244277779390311688679647	1221.608370346926250011259639729403408476843476188670036447337535681203112317879	296.0839519666812960294408779480183232352730759217874720879494853979672188198366	-34.40635542380141308471017643514756426507654458927806413396592372373975565419271	-8.248434372991932478787840535256988265684761862503267786377215312590040476472009	1.438881921287505138537898255455791803683375480158725898425436348792264169484311	0.3426299161080029593827876477633577727508349668528553076182104268782496835773869	-0.06801651251795417864827370969965033461984961925485566943773604101422712619198591	-0.0164446215420166540724901629766965082519562344131286081679871705167774099634617	0.003207479043721272752413544218902105393540699926616227395055449135612824869295103	-610.1337716013583890764096519107616138640471368860950970986646828206278053439622	-148.2838603665821143422600496388806214513887936815148519113625214152654864214051	17.20099726473750569022336996974641313907447168973024050204986304093907526241929	4.11130969771886890467085993750742739749453192094566473736176918863452067911089	-0.7258551454429870629316300913523109968849117889540643847132990438736935670557843	-0.1734564129715837108782034366839367986129515043028431685402381442420083797134155	0.03269622117027417192431197476838766723189773856672514673147195332022948060126788	0.007462601242034757089744510576826981386098188460016129583687059066928755332909285	-0.001957953052486111999831327404449208612607902357245114985629293784022340493306798
-148.3806208764172783563173508322042783711060113526613236174210525115128960377451	-73.26281072714818326864723819990740787868092706590055343445587712720699169335475	-144.2556206458935118680467430005337700432694114080270326523721422720285899454527	-35.03064939184417763751584196368940167117980314837690897541514828046717794216691	3.950747746622726288821343062005221818571047046250605076453455719769042033648448	0.9427931730520036894078238740853915773296486248921791304898474203142140995626423	-0.166764738452285973339785411890331130744987272736952328015738552477897571325874	-0.04014314824686053675260167297398282159837981996563623264683674151500227307890391	0.007487745050517624228320436854241560060848354512747232644273906831312542913771163	296.0839519666812960294408779480183232352730759217874720879494853979672187625798	148.105189841688143822689079752288332488514354094081326755307594941248530619766	287.8355175942419824362789665598514339577806907308942830843590602121755103742803	70.06167804757042815608658177616710737864599484206872498337811161635235034697938	-7.905804456774807977939787995733153033248978076760864392913626924161286445767499	-1.898585549441668206080763317053542975917110745669724075322122829888915019982658	0.3261852945680458186498609709660558212870889489633204058459259274118862659669495	0.07710715885754806316291392876133830091583247662174058977758216623251796179695576	-0.01644462151399698752125203134913967822805020442063933092449289478108183049909207	-148.3806208764190872677542554068166004994175918108321834003676856883338237112963	-73.26281072715556813306456575145261487605068343445736977603418964614231570398377	-144.2556206458889470486265489195603783987130466834632028275179729253105547407956	-35.03064939184827631249896637348735136327063686036311759773308360183406738803392	3.950747746624426889837453585946251526629339926659386969446048665246474182110047	0.9427931730499565069483549967106636123203823639710067436002667388192405523915109	-0.1667647384517180460999530154488264030326065398683758419116969781289586905849289	-0.04014314824781668611307429031985908526115252513622396634971623286500490760568099	0.007487745050737837066407777549348808311455296992791203349820743406080958302286583
17.20099726477669476000457503459341228712722132979052342879920199345984435318881	-144.1725506684728769100735720975617982584751402695829589390708183578704147439887	-593.6586294800127188347835263650877985028885660694624904817141053311930891350502	-144.3460070808616026552771939672046596482818490701168544416635664534847355914507	16.50783834095448544063003469061897817219801681450529785871115213026416126219898	3.945315886310952741185119066010945777415393456911125390137524029622596641123473	-0.6951168772587324237080360511046411660511686602667284292331358924159238445182127	-0.1659938114510915821511378674166879017698806085841736000994432292980218794945806	0.03269622122485817296701412173501632668929122091580329250582317248677869305400356	-34.40635542380141308471017643514756426507654458927806413396592372373975567494991	287.8355175942419824362789665598514339577806907308942830843590602121755104474199	1188.640896846341659384196970509506709846034610951911272147147204330079733892482	288.1781475109140434954752243653392190144137990478197552690234826890924815323012	-33.03549001458340379962892512594594669297220340655307986695614957639166370873409	-7.922249078101993302014336221780370290070691710168482267898512322457937799079157	1.374072887923376548908261844026427321469900561863600879668455635643635346642242	0.3261852946656866222052478614644247017184921235263992663779225172554467880350611	-0.06801651241869819554090617412653675252545432312366697455877658523314781568531558	17.20099726477752976188454740035360293446371298937329819880836733995060431997911	-144.1725506684860302768727318049724429756418280920256002299377930513284111490565	-593.6586294800273007169699521985309602626122134987718220064866371240716921114018	-144.3460070808649241655856838232434388432713230598167983691333079912025484000264	16.50783834095703954689510363730831942535108062434772733032058511221285246655697	3.945315886308889173446381343327718185187822197494889874982186301068222546174254	-0.6951168772585593502259467566532784501589398919226851327026942692809723112062549	-0.1659938114523031610588162442378382445232856982171200817667150911792574703129346	0.03269622122511025364246467812693785551745635551591881016711333390990017524610556
4.12500022998208708138581423563745170463669802748847883228114152449140864407909	-35.03064939181094066585875168489029141710291670080507654586261372744761418425455	-144.4298731281228534946954420422395842832337529267496731223186194857253936276635	-72.3200175534510482414319651251574843822858542103178906665760736999099749615217	-144.422385377596111579447973301141319233860290859506794347918673630551300305974	-35.07079254070727507424801023766311910611063388719626635613077488417644102544196	3.958235492399850950364978539404440510232061731027311069381672355631567660477823	0.9427931735677929874971605003403636049376524561584499643669928608442486986043797	-0.1742524833774939773384110285474540538045588497650158073531064055735346839435673	-8.24843437299193247878784053525698826568476186250326778637721531259004049336546	70.06167804757042815608658177616710737864599484206872498337811161635235036471157	288.1781475109140434954752243653392190144137990478197552690234826890924815446776	146.2066042954603662365984170330439384518059543907058419887856809381119765323498	288.1617028942511902797257158063235900757665670790767803681045126181214534271318	70.13878520851913361379552349702799898155601758762575228358651522876858354563758	-7.922249078154474875728251510905661332147152412531339124045828016651409844931699	-1.89858554925049236284865005450683291177575494127745984821503962117467856352157	0.3426299162887707150098180400144903076782215297587811918928164904094666622529073	4.125000229980719929826879018639201283313719817526333665933945990718911096444727	-35.03064939180724504897146038439691019024063475479668592403182347169689549855852	-144.4298731281264578968776417137474758547310194738206450240721437107077430832687	-72.32001755342884004950554273448692655869126931735042451977930559966789147885734	-144.4223853776043578675256699817039973148451256657275790311900721168332192546765	-35.07079254069785026245452489133544694219146149567554490315279426020930118083084	3.95823549240036904137328220029956586167167116707450981803332627622349887957729	0.9427931735722305149584068769649803847033004184816817579811692567403262251514677	-0.1742524833783353990793225435509060337827153153810252970465268728799269215474707
-0.7258551455367671913263275429729915069474976816215908847537226152483061133935153	3.937853285231784621218004092059552919401495135396952509852158426703375443061211	16.50783834219824517528734764557082871665485961212047882550629019431376886275353	-144.3385444801387739067626392087969135458750336159143241175636979131656598938978	-593.6278911970527629098131619383953335255341939161356941936845730102966708839062	-144.3385444812909230381299265923524865573797403663640494187528271212221630747525	16.50783834209729765389730443193240335435870466481244926428825515266088566637767	3.937853285860305908678420459822220275793938277947693122153258903424167336373025	-0.7258551452926694846411144817256421368068682839047829645470431120231054666560077	1.438881921287505138537898255455791803683375480158725898425436348792264154261492	-7.905804456774807977939787995733153033248978076760864392913626924161286417015414	-33.03549001458340379962892512594594669297220340655307986695614957639166378341083	288.1617028942511902797257158063235900757665670790767803681045126181214534954296	1188.57608782477385072718385268423274839203476622810166712629189439976477454864	288.1617028940799371391853524710158227531897069828400491564811825105180948542691	-33.03549001483886732856371688426805362278220673989698628228163353390099174390924	-7.905804456494548908115372772851542115681102618268717239111988057577685295465545	1.438881921619473605705824783866064791204662400613303463592055402678624001113684	-0.7258551455421879506827433354858916349176068301453110596670473899752304960963125	3.937853285254689224584960429363248521636789479018710055188725462052816177162611	16.50783834218001084848935052071581913895801834661594747054802707004744212754515	-144.3385444800960832609546487291520506795745701948415212879141439859189647110253	-593.6278911971496089032295538869197387303464691818114625798985692093904072303886	-144.3385444812147148315201537262512264862304116708277347416848305495362168558737	16.50783834209078973158287844446980289607325026890014752376161752713795153942199	3.937853285889106091832967573229281446057267311531448059273346870336888595940134	-0.7258551452984818884277453980251664949113942068213658374153023552273337779949452
-0.1742524835173322997229450772410783122658829465986298995649681959602478285214997	0.942793173213461201809897287174006201836391879873340407024601420325658771185386	3.958235492318810424121337713605163513365061431993839561900214175486652816690047	-35.07079254000168189453174029131788960257831503079759430671798302335606619959968	-144.4223853776023843846971345765918511817599791473540127182875730718181837928967	-72.32001755412704728822055146103534160397444103066138060283119337391071818598205	-144.4298731273358302606912002410226572807844509668849568202869668676606777523385	-35.03064938798219217662083845226332519046147201974508539739696888802654473344377	4.125000230497691072484824180716006816994788420727055176840597078810587422158736	0.3426299161080029593827876477633577727508349668528553076182104268782496782125385	-1.898585549441668206080763317053542975917110745669724075322122829888915023880696	-7.922249078101993302014336221780370290070691710168482267898512322457937781175412	70.13878520851913361379552349702799898155601758762575228358651522876858358138938	288.1617028940799371391853524710158227531897069828400491564811825105180947963093	146.2066042959385514323546694794674386497751789441831860208940736034071036777555	288.1781475121265572437350659869696203761391160767243784318223170188739929231953	70.06167804874332655820520002482686817163697716839305287393622060085406690845962	-8.248434371815097108841999980523556021273311487704186232507735582738065980834995	-0.1742524835184438214838817680902627534946899779380495807383560486735412577017742	0.9427931732181743558092498470733924182941619176747487225932903309787836627665546	3.958235492315047226436925309610545652100482906824417757760653394104317432400712	-35.07079253999323689713736441105663334038076706931929307069301622749313826658587	-144.4223853776133454368781989644190841126322612828650550076203476425778393387977	-72.32001755408883415733840177315705755764245182069975056019041061353624373143148	-144.429873127316779004151862705287289997413268673946761596779495845461262038513	-35.03064938799795677844207030052546082978238736489437433511864968641346556134839	4.125000230497220374072381201710934143102096660106677435454094093883302158054386
0.03269622115817090372428497360807994072884885899812480218764147526860923906615938	-0.1659938116791110461439184879619416247706214075001149609294770749349581789962266	-0.6951168772987360320382349549303905641766507752557025126541985355305467887876501	3.945315886548141799494616560681774117088106063588650653377221144366090566380274	16.50783834112219887011608930328191813037440193690106159247036519846225868106122	-144.3460070816843969124402435950622069180670875321642857446193901612090072359462	-593.6586294775786738231365009654314443519563299337614811374510523580289683266429	-144.1725506596185470387592198165413568275517962203992533885246578630586981999034	17.20099726607930394551022204146979210448824634357597623794058752649270292944917	-0.06801651251795417864827370969965033461984961925485566943773604101422711693427122	0.3261852945680458186498609709660558212870889489633204058459259274118862290878326	1.374072887923376548908261844026427321469900561863600879668455635643635318108358	-7.922249078154474875728251510905661332147152412531339124045828016651409870086923	-33.0354900148388673285637168842680536227822067398969862822816335339009917276843	288.1781475121265572437350659869696203761391160767243784318223170188739929364782	1188.640896849634543739760115800891447942218057290505022797784376251455535896541	287.8355175977939196590830770932986563516782540249922787257246265599874956827375	-34.40635542118696437660393715926999095158942771163003490316931030720527446015227	0.03269622115900895559263123392714375218825014934490720417871640416899739639577616	-0.1659938116825525656466386163146005356846677551568567994627284110390966507967362	-0.6951168772960757965597209164246285867402505309909683985720752778774887297732298	3.945315886541191316328920339314614889321192090107492694780094583088144583554773	16.50783834112996464643040203771615386103120406328011322964906355481481866358818	-144.3460070816723058757134992981036409848146377643510877418662918534768419245422	-593.6586294775727380725423984654036309899205336914984227384072401248638146648282	-144.1725506596856158679415542413086164606699975442781311538899201931140788848987	17.20099726607897851398164401054213841144555352817877683977467725090780530030033
0.007487745038985434562641845332196789986104152571923260779265351218241204753787176	-0.04014314831290390254049855014790841769474481900014168505678115891406713739298608	-0.166764738360837319349769734460615827448583877992122368992134712443821339467698	0.9427931733334378792910510949697488432544468686612590486996729988819425003432508	3.950747747185024966936506958561103595044512890355749344608920837025916378165206	-35.03064939189791674518073444271545380265726329946170692499780226082651814550658	-144.2556206425420344111379909085593625607760015303351069836618546426091605615266	-73.26281072167513888040691055054547943650016820976868424062387640815853053935647	-148.38062087386613710676717204103211315897937722824636713756584942085480542958	-0.01644462154201665407249016297669650825195623441312860816798717051677740553798262	0.07710715885754806316291392876133830091583247662174058977758216623251796872705894	0.326185294665686622205247861464424701718492123526399266377922517255446820000034	-1.898585549250492362848650054506832911775754941277459848215039621174678569312346	-7.90580445649454890811537277285154211568110261826871723911198805757768535459214	70.061678048743326558205200024826868171636977168393052873936220600854066923908	287.8355175977939196590830770932986563516782540249922787257246265599874957700134	148.1051898450183510994356554084728251536809430927628039661760724109838355327658	296.0839519698511021547930132871009054105213939116110008700539063487098605852889	0.00748774503836774097739576519428171953843442803455212491465541081993694173695041	-0.04014314831033868964231448708411465080407792689997218424735276125115572317103258	-0.1667647383628519979589308874285393099645858606742880186495517932209462035372561	0.9427931733394721939785283168929463253802183316844738866608139285947401345431225	3.950747747181571404997360219486945406036681640313672264160883527916264050122634	-35.03064939187995610443060869433312392066869155450724298562669667545757923638491	-144.2556206425507285277995455839470562871029117899912512076823245949607868819113	-73.26281072161898873931374237336331113788514981817475015771927021665168129117564	-148.3806208738579559834803903496188027735820305886260240768443489962799964855057
-0.001957953045539459425083144430423949130535466839937174078994473297282759133365206	0.007462601242250792229478215355731930028166466653042471743647632188552449383761872	0.03269622126483608139698626219281517783525664534881848133066549722696553631519784	-0.1734564127444039757716355798301291408970621659608279824234405738148597339071048	-0.7258551449527108925839863251959224883682489351129812587658354030207643497335222	4.111309698216803198308387160493862212139316130073585624932687918838031366864361	17.20099726737461527415454414720234484811643437708280063281944167396235736778724	-148.2838603628588720222381027875529822723136404373091368642251250854559819536558	-610.133771596954962613051975721969312844408457550904564497645268499195421386525	0.003207479043721272752413544218902105393540699926616227395055449135612824287241261	-0.01644462151399698752125203134913967822805020442063933092449289478108182842379945	-0.06801651241869819554090617412653675252545432312366697455877658523314782454158661	0.342629916288770715009818040014490307678221529758781191892816490409466672020483	1.43888192161947360570582478386606479120466240061330346359205540267862398412805	-8.248434371815097108841999980523556021273311487704186232507735582738065971440087	-34.40635542118696437660393715926999095158942771163003490316931030720527446843636	296.0839519698511021547930132871009054105213939116110008700539063487098605863899	1221.608370351487539556549755994987309221655814692805043203437678335734381599829	-0.001957953045475594311520378687414272220343980603079612971182664725853033253249067	0.007462601242015668669801548661632521206287853433093550879513513018210925254473185	0.03269622126499182148321374847557225202906438419456962646243481950822476148521527	-0.1734564127446453029038512288803218988605944453586404408283554709220079306152372	-0.725855144952908794355633406240794174190198927755096863330429573480945534205856	4.111309698218512359581813716345730929439384340280150762055082839140707607265502	17.20099726736905241574200742777179491815011118637186516583432103480987232553861	-148.2838603628063624527387711242215180156931889392203083156556883052854427883576	-610.1337715969684144012887820110804218074862489146359094934290466269136233885876
