26.071714914310437	-5.222684028967571	-0.555122766700625	-0.14765731593618306	-0.060362331304378916	-0.032727729394173864	-0.023388621686686657	-5.346676057303359	0.06923576395679806	1.0717058473195535	5.219600287359991	-0.15037260313494072	0.4544281247328984	0.41046039419640207	-0.05649543149763018	0.18795050940368146	0.05594778145010359	-0.020816622927734132	0.08543558193705122	0.010033350050506172	-0.00918293266087085	0.044392814431101255	0.0023183098115093998	-0.005159669341010066	0.027379474314894927	0.0005480840409513005	-0.003372595098503404	0.021156884566261514	0.5924385616765172	0.02433998121177307	-0.36415597583040743	0.022424380525775632	0.02048065147727373	-0.1638599426901574	-0.02228621004066307	0.014131069950932596	-0.0772197523025137	-0.011935636675470472	0.009151306747521477	-0.04094518928942668	-0.0049200349505735775	0.0061317083817517505	-0.02467473688258159	-0.0019284660054312449	0.004339251454492687	-0.017043109716487485	-0.000638030824379054	0.002790975349294883	-0.013556293638490615	-0.03902754605866436	0.005603850268620108	0.007837152142070095	0.012973218994313085	-0.00444480110459212	0.020618580343931048	0.008910193624937985	-0.005753679472206281	0.01947357474752367	0.004236295794628067	-0.00477960663365936	0.015180859570331108	0.001934399118691223	-0.0037367098501706188	0.011535772120976616	0.0009001484042777363	-0.0029533959958812617	0.0090454225738296	0.00040867496468832535	-0.0019419138861717796	0.007451575589425575	0.004603365310532601	0.0001715136492495046	-0.004458129876606021	0.0024524582948921634	0.0014836345425917714	-0.00678902893685601	0.00032430576250133637	0.0020099529794698487	-0.0068718853463496125	-0.00036836015070890936	0.002061684229794296	-0.006140416384617263	-0.0003982318406283941	0.001912806071298569	-0.0052703038815051576	-0.0002871380663708879	0.0017276864885105356	-0.0044885682557618736	-0.00019394645784799906	0.0011846748947515473	-0.0037876065855610057	-3.352297786270086e-5	-0.00022820927742820324	0.0007674565563189361	-0.00010642196622073102	-0.0006383645149335991	0.001731023769266985	2.8420308537637238e-5	-0.0009290289051818001	0.0022770940408571895	9.833753871106522e-5	-0.0010464595123008613	0.0024053206291929446	0.00010678137458209559	-0.0010482203516268376	0.0022934636745074303	9.071521420209732e-5	-0.0010130500101811003	0.0020733197126178455	8.458679263763522e-5	-0.0007206898545450126	0.001769801381013105	6.92744460713191e-5	0.0001901237224244035	-0.00038216209820853713	9.660664067564543e-5	0.0003893086223850263	-0.0006740458386640142	6.526307678127002e-5	0.00053323323977528	-0.000846449750817593	2.320777444140817e-5	0.0006143585733480436	-0.0009028998778244247	-2.6359728120402606e-6	0.0006355848677881994	-0.0008720679688462405	-1.3295478675159984e-5	0.0006336752014542229	-0.0007838682917796216	-2.7619083605950492e-5	0.0005014803327473108	-0.0006154036299120431	-5.8656291925959584e-5	-6.520489403674522e-5	-1.964161864910782e-5	-0.00015622489343799375	9.417021663604541e-6	-0.00022000342175672015	3.570913550530674e-5	-0.00025495132363144153	5.409429597059079e-5	-0.00026279768385453837	6.152219778029969e-5	-0.00027030841305572393	7.470021307812172e-5	-0.00022066389616447787
-5.222684028967571	25.518924551720875	-5.39073684634958	-0.6304736450985278	-0.18904051038524347	-0.08865061677662582	-0.05938381421049575	-0.43421780616081385	-0.020349214890831156	2.596186608455803	-4.276407387499804	-0.05272256373996656	1.5474157301235965	5.340163566612076	-0.18400570108231915	0.609542813282283	0.4293211255839547	-0.06900570536787984	0.2547902947405913	0.06023717955946725	-0.02762635828992169	0.12215501415094683	0.011179279249023214	-0.0139740196594409	0.0707053583878364	0.0023267523249798625	-0.008508421438629921	0.05274420549223149	-0.13662581368763363	-0.12753693312493156	0.40718071708062925	0.24068828180385327	0.07303377718814971	-0.3866829037958578	-0.018234381805759932	0.03874673229869367	-0.2024452245256021	-0.032874861835289766	0.023474345798451497	-0.10534839516008819	-0.015537053111690187	0.01533533246247179	-0.061428195089842895	-0.006146456301164558	0.010659242886976797	-0.04126377827806349	-0.00205181443530527	0.00666343203041402	-0.03213316137757019	0.07127308835472604	-0.002838364821234464	0.006764676211432244	-0.060603562389230085	-0.00012919337809138626	0.02739369273296774	0.009437426394395272	-0.009082935186617356	0.03714878466306797	0.009782354963553338	-0.009893552535078134	0.032687953543091335	0.005117484236429132	-0.008334425665011292	0.02590446759107752	0.0024431551049171815	-0.006740359217025825	0.02052046088856786	0.0011396439866095042	-0.004373547775687857	0.016776228915113878	-0.01251118740666424	-0.0008035385990823124	0.005712990940335415	0.0020610604164851966	0.0023231770261285833	-0.007254258574992125	0.0019406254346419664	0.0038153928975791537	-0.012048073176142258	-7.274541858077827e-5	0.00421977641521165	-0.012372180917316719	-0.000664595943781745	0.004068085840040504	-0.011205450333094677	-0.0006090188294513588	0.0037737628475843373	-0.00974499724349001	-0.00047097819838511925	0.0025777521304670343	-0.008210568982587815	0.0014543034336076518	-0.0010144854124952518	0.0018411761009176125	-0.0009067557757597087	-0.0012222911701486258	0.0030097262546512123	-0.0004452856967533618	-0.001742520100704776	0.0042090464866819345	-1.7937371893419188e-5	-0.0020816677893449693	0.004764424216369427	0.00014270122583793295	-0.002162815060394363	0.004737614662914277	0.00016641099746323866	-0.0021483599473023796	0.004378180487683063	0.00018924601516900894	-0.0015318712102235868	0.0037465716683987346	-3.821112098243221e-5	0.00041193726323870473	-0.0006398106332221081	3.215492937975222e-5	0.0007977767950361477	-0.0011842055455637092	0.00010430393563359631	0.0010864894005272964	-0.001597932178043678	6.783938082997763e-5	0.0012618231733561975	-0.0017930771377303778	1.4449421528790878e-5	0.0013158168197639332	-0.0017858740627420475	-1.5574287141029233e-5	0.0013285142685139921	-0.0016363721811017441	-5.7987389904059186e-5	0.0010544236844608347	-0.0012893062278092591	-0.00015065332413132226	-0.00014053440303853302	-3.859780839001763e-5	-0.0003322198271735572	8.089732977994418e-6	-0.0004567265945561044	5.703738167232333e-5	-0.000526765409744351	9.946068575736981e-5	-0.0005439983927121423	0.0001189401372603051	-0.0005638172767187762	0.00015457233997460176	-0.0004625877361644915
-0.555122766700625	-5.39073684634958	25.43418514527989	-5.440113850495718	-0.6637947238329022	-0.2181850237308712	-0.12590651501187808	-0.047212528638627196	-0.15785199949395973	0.5132948270573833	-0.2895238083268416	-0.059941813800430864	2.8011614875121067	-4.264102584185128	-0.06498443253908222	1.6353273492286367	5.3412605315287704	-0.19023006370164494	0.6560515883893504	0.4297999397620808	-0.07420529536171967	0.2864734137901526	0.06028165927542767	-0.032646064445003606	0.15130131158234414	0.010292058608222276	-0.017515046990705625	0.10659507819712107	-0.014990935004622733	0.07493795464545468	-0.2507488412095936	-0.11828447466775176	-0.10968665024414692	0.3233496529112487	0.2223661393837306	0.08480310658708501	-0.4303493001655814	-0.024204417313876545	0.04628709868722461	-0.23028582063373476	-0.03474055809666876	0.029394921794226363	-0.12665933929828982	-0.015956590203983725	0.020236309634653945	-0.0806475601346071	-0.005618679624799049	0.012149551681943154	-0.06032885376353621	-0.037524345044961556	-0.009997449084153617	0.021882062869628818	0.060284357826601055	-0.0085127686102509	0.028928450025332904	-0.05738244887436835	-0.005815758941492792	0.04557049760559475	0.01110934166022393	-0.013598706832114804	0.05147833952430453	0.010532464307291786	-0.013703270935051005	0.04454114176204168	0.00547017954727334	-0.011722298354963237	0.03608421863888867	0.002661733379824066	-0.007497179415290215	0.029161515430216098	0.013594513678066333	0.006963991374833307	-0.021855580079042067	-0.005254593416443871	0.0012996079723752358	-0.005282098255262789	0.0019071806182250912	0.004956580631087942	-0.015642430659479494	0.0014989018915276058	0.006256745739530209	-0.019020000540867107	-0.00036118208409914994	0.006388906695796509	-0.01830454388144495	-0.0008596837429715359	0.0061926422651737666	-0.016277616537712272	-0.0008868618587891085	0.0042130400237787415	-0.013631564727804768	-0.003984795434203679	-0.0009989927632239905	0.003391998729555768	0.0019066177545521066	-0.0025472023162279654	0.005364327817856594	-0.0005806725170914343	-0.002764276638082662	0.006459200799051761	-0.0002768808789402142	-0.003166336292487098	0.007342349782715184	9.463418514546367e-5	-0.0033494239521004005	0.007504332283367038	0.0002165076966055312	-0.003433206096556128	0.007075374298749453	0.00033077133181088204	-0.002453892591578299	0.006056459128755095	0.0009673999017878616	0.0007354112626944941	-0.0017532357660116262	0.00013170850255766337	0.001305724681017714	-0.002139824248651837	5.668739308464231e-5	0.0017216683380720493	-0.002545226717883733	8.910718371636646e-5	0.001981895374362428	-0.002811420957592784	3.995794466873054e-5	0.0020628036836261745	-0.0028209172638530965	-5.412019089550485e-6	0.0021051282038714175	-0.0026174412704836696	-9.450548758801459e-5	0.0016731396941190271	-0.0020635293639680256	-0.0003723257112016363	-0.0001769296480278647	-2.6857150447720675e-6	-0.000533383553567803	7.101629295965922e-5	-0.0007370130230565799	0.000108735950645439	-0.0008381106298295676	0.0001581927145140335	-0.0008578233395573092	0.00018053124970749605	-0.0008908160119958412	0.00024647939929089686	-0.0007328974409484207
-0.14765731593618306	-0.6304736450985278	-5.440113850495718	25.399346293230153	-5.470174325877752	-0.6999958904139965	-0.28331621356964826	-0.0035632070426033138	-0.05884423373618484	0.19129001192483072	-0.028161771364029208	-0.17262614823647662	0.6094683837053606	-0.2919657807211545	-0.06464258844299846	2.8528619878195283	-4.264702978068659	-0.06926900722314698	1.670000521274417	5.3411662241988	-0.1959853086337249	0.6870919594949001	0.4292049744794518	-0.08164832100222587	0.3242887886974727	0.05737662124979154	-0.03696710333531469	0.20977727881759284	0.005967078924970568	0.03087869147435163	-0.1512434671645842	-0.010399501200218939	0.0873497349946112	-0.3104536188626567	-0.12211963496939417	-0.1021950771524883	0.28943348455760937	0.2205844296642207	0.09084010510018543	-0.45515590273968487	-0.02469768829769171	0.05237692509453253	-0.25288272751025936	-0.034510244726869324	0.03557209475802892	-0.15028370980114678	-0.014951307487007752	0.019975430682204556	-0.10462772411720977	-0.021770811783624746	0.0016959974653144771	0.031406624009800536	-0.017658022855848596	-0.01954352660064037	0.04468830908722877	0.06410460990248472	-0.014463352452929923	0.04622632276266583	-0.056181600507459274	-0.010265636051749743	0.0597111786674254	0.011473097787225344	-0.017439202908021256	0.06392778848906665	0.01065952553931779	-0.017656644295336036	0.05558596326167204	0.006029223483176137	-0.011286197259129658	0.04449004576364215	0.002632433973390326	-0.0013116775956706404	-0.003375770216862485	0.007241843124927012	0.011434825602428804	-0.030441767965389332	-0.005917836845027934	0.0044192678562452545	-0.013311693735775938	0.001565435865560694	0.007474295506092346	-0.02261863267475999	0.0013030374900741958	0.00835904153397487	-0.02499946110745492	-0.0004897541627448325	0.008749930959206287	-0.023431286081981403	-0.0014201195587554133	0.005931068452259996	-0.01948727333952725	0.0008135034035551379	-0.0010226701379528317	0.003572070517726895	-0.002935963590069628	-0.003079801966261097	0.007341836524423594	0.0020010522372447158	-0.004238082613147679	0.00901214045994652	-0.0004656664810341679	-0.004245040087684927	0.009662032857901482	-0.00017584959366753373	-0.004387498211287628	0.010038779007188062	0.00012666900167203563	-0.004685681590376557	0.009750414364528292	0.000493416980967416	-0.003373021121980035	0.008369538449686144	-0.00018483734029548432	0.0005806569002465865	-0.0009498939429385117	0.0005629366391428801	0.0019171627837555505	-0.003162114757224165	9.645675158842268e-5	0.0023797399588943928	-0.0035198579573697646	2.5269941982760537e-5	0.0026905003953072667	-0.0037628931673516727	4.708989633253992e-5	0.0027706522005204863	-0.003780293157819043	2.9355506981942328e-5	0.0028607190431356104	-0.0035705982772210564	-0.00012839150752287897	0.002278661959922955	-0.0028206086972468567	-8.643771082757794e-5	-0.0003176129142295161	-0.00029478753716944957	-0.000673120390467144	8.262221814082865e-5	-0.000995589100643872	0.0001724750025872178	-0.0011454738348704555	0.00022376048222490227	-0.0011626723056432095	0.00023012000939434001	-0.0012072048147541595	0.0003342144695428273	-0.0009963911138975495
-0.060362331304378916	-0.18904051038524347	-0.6637947238329022	-5.470174325877752	25.36356014429283	-5.531856901200639	-0.8600796691060015	0.000946458947835093	-0.023436703680661194	0.08905861950894729	-0.001219023470946865	-0.06662416458535332	0.24394075309127625	-0.030936168030427744	-0.1758536795461789	0.6455209797106998	-0.29260076705419535	-0.06975018080590956	2.8851838935322673	-4.265149264683022	-0.07888954954351043	1.7090168543288826	5.339022678478542	-0.21232630158543347	0.7473484661378104	0.4180859304483146	-0.08604408226018029	0.4352332700077874	0.005221974622000698	0.018697068799192803	-0.08064814016899673	0.0035662540052261993	0.04055267527849455	-0.19200068838689963	-0.010852021635114102	0.09316954096419391	-0.33864343965798627	-0.12226244245127316	-0.09629258024193092	0.2637773679698617	0.22082118712593185	0.09828263305206805	-0.48398390246266204	-0.024569873505277184	0.06271187698666515	-0.2865267914399743	-0.036200454825985925	0.03037855600226144	-0.17493372429831872	-0.009307916031169976	-0.0075072324360380225	0.03154651546629456	-0.010512272965470783	-0.007014371234235624	0.05331518819204816	-0.015639139393250158	-0.024964362840050464	0.061549604682005474	0.06446252507180818	-0.01867136684755314	0.060888419560221445	-0.056489422584584816	-0.013712390531276613	0.07325684962490854	0.011023879083428773	-0.022531430549062637	0.07593514168874971	0.013163443907482851	-0.01530166125909532	0.061155445251093246	0.0018222591806922853	0.0032610931770260198	-0.009499110339201875	0.0002472483317894147	0.0032291240231621205	-0.013103321686747002	0.006500855187874791	0.014635189258716918	-0.03883083414528017	-0.006240064187288092	0.006853179214197565	-0.020321732388297643	0.0013922826857607087	0.009166846004779086	-0.028264235868581802	0.0013653111580201483	0.011076639689561053	-0.03000460639055259	-0.001830832898063673	0.007473460405469752	-0.024824064107108655	-0.0009038797516761912	-0.0023346038979313866	0.0047994887217995075	0.0004978348705203713	-0.003167856638955457	0.008045083520332218	-0.002847824259792185	-0.0048172920741944205	0.011200838458739067	0.0021299197667289517	-0.005702952219045151	0.012183475233861499	-0.00032893364280043447	-0.0052497347804916095	0.01208059623688521	-0.00027131892845465305	-0.005721748290311752	0.011999540850868884	0.0006259415329177081	-0.0041689837499016	0.01035459951506513	0.0006386879911723181	0.0012816112237162838	-0.0023485059118444097	-3.265581681389303e-5	0.0018496098064906302	-0.002753596735400756	0.0005287475771874457	0.0030469968345132334	-0.004656584558888884	4.831727928225648e-5	0.0033576508929491827	-0.004721353467042068	-5.3137704498064435e-5	0.003373662886046878	-0.004571364483704477	6.336272136712953e-5	0.003513898612725723	-0.004377038366038715	-0.00015213121641432614	0.0028050595302083745	-0.0034667050722764713	-0.0005448129202822824	-0.00034578679659234585	0.00011874200139884717	-0.0008990738230185267	-0.0001388020421671008	-0.0011792439937752697	0.000209212735136884	-0.001410562036408323	0.00031987129256982584	-0.0014353669137434609	0.0002725574357034107	-0.0014831067052327855	0.0004074523794733545	-0.0012256955047634235
-0.032727729394173864	-0.08865061677662582	-0.2181850237308712	-0.6999958904139965	-5.531856901200639	25.20812418736472	-6.171697659368259	0.0009662594602804462	-0.011940981399542638	0.04946325632393151	0.001364261293628116	-0.02955127912913644	0.12514152059269792	-0.0030182705428668712	-0.07123131199431826	0.27734029067448857	-0.03158123035508247	-0.1855549718201265	0.6864445121231111	-0.29418041723856586	-0.09244153697560926	2.9479836747828756	-4.274372681397406	-0.12778630341955002	1.8195088337755734	5.28077145281997	-0.20334586697945298	0.96835376229386	0.0031092971420613883	0.013201978626721175	-0.04790510441952732	0.0027253234732516033	0.026944144180985997	-0.11237838974387974	0.004053695040659993	0.04648205737546921	-0.22071748056360796	-0.010315869984610966	0.10027348553160963	-0.37279135227120674	-0.12221917841985735	-0.08616288125341606	0.21609855732378572	0.21507220691184376	0.12163054736774366	-0.5420070403511978	-0.05850657684585229	0.03975589352452307	-0.2592434405226373	-0.004397584168058506	-0.009233368329879638	0.027388468668465688	-0.0044275782675662545	-0.01511899145208035	0.051728722214386604	-0.010075676503081568	-0.01217171080600249	0.07019078532828754	-0.016376231306998133	-0.028730492687855158	0.07669145041908909	0.06208505961649231	-0.019531735011988172	0.0739204077395259	-0.060512728400129744	-0.020996445779136088	0.08529340123536246	0.022517807380142838	-0.017662582359349397	0.0718520485952549	0.0020421357001339548	0.004361470894596208	-0.012508595203513244	0.00037020017503396145	0.007680633316880947	-0.01969582373913393	-0.0002961404329578941	0.006232209252477451	-0.021395863571172662	0.005979282887717392	0.01677889232629282	-0.04488854492908922	-0.006850113911412187	0.007225921754230794	-0.02361558971290566	0.0024809984294338933	0.01248973015385499	-0.03309409082957662	-0.0016970165701111581	0.008457650774346497	-0.027657071614316357	-0.0014410622387587648	-0.002019918717143735	0.005189374235786285	-0.0003658704394239185	-0.004631082588408106	0.00933476527014347	0.000627259463565879	-0.004807473205131695	0.011695116234165819	-0.0026876499486733437	-0.006225614748234528	0.013959723267327	0.002487206300964974	-0.006222695573836907	0.013719409798494172	-0.0008625077557384647	-0.006412430733602252	0.013364443363889983	0.0006093826771180755	-0.0046953315245120645	0.011570282004534303	0.0006076640056234036	0.0011659399338432473	-0.0022591365687434617	0.0004221833694380794	0.002659196634224274	-0.0041378093930449925	-8.826710178344235e-5	0.0029347994943705463	-0.004131320106091507	0.0004867302082053761	0.0039651303753620295	-0.005705454219737695	-0.00012549451119831767	0.003803424379744258	-0.0051297805081858975	3.065331367511729e-5	0.003964041201548502	-0.004889876183311927	-0.00016631904944434101	0.003172259535079983	-0.0038842337368809633	-0.0004332046486536367	-0.0003808176548466606	-0.00023500056769374463	-0.0009856006352320923	0.00029969358784960734	-0.001392540625806824	-3.162827669823467e-5	-0.0015545685618206582	0.0004062983817371469	-0.0016267808087970378	0.00031728206544836814	-0.0016793850636788311	0.00045453076864033023	-0.0013865410776690028
-0.023388621686686657	-0.05938381421049575	-0.12590651501187808	-0.28331621356964826	-0.8600796691060015	-6.171697659368259	18.93036990295186	0.0007186804456930165	-0.008608432768938329	0.034817339737156165	0.001348815245058876	-0.019282924063322448	0.08394712642307274	8.837987060881108e-5	-0.039447021017087594	0.16949240617764666	-0.0044490559505787055	-0.09572206364819666	0.3470795546000595	-0.03927816170864094	-0.25169487462770107	0.8077678464462508	-0.3479402793649882	-0.2505728968322168	3.1445181191588034	-4.703162758723743	0.0042289149803846	1.6841819314321242	0.002072235860647916	0.010784541279034023	-0.03501559742583488	0.0015817415919720918	0.021815600493557057	-0.07982997490654599	0.0037804346541266006	0.03474181487062219	-0.152008789885814	0.004629149791651272	0.05575921964115155	-0.283050219624866	-0.016447206887519043	0.11322886824571109	-0.48190182194998915	-0.17765514890012654	-0.02834818993719498	0.07911157848973262	-0.10076309131128494	0.04050731046123266	-0.12610287553817068	-0.0028234373088973754	-0.008889527173005592	0.023665902341771097	-0.00240693824635536	-0.016702818827641783	0.04666048878897953	-0.005524433219554479	-0.020466025961259668	0.06789908551250237	-0.013993802671275176	-0.01366642406073954	0.079832111201419	-0.028659594552534907	-0.018993106158366375	0.07413847973463249	0.034908184625281016	-0.03171950771474644	0.08893242302509345	-0.013808265217279871	-0.014653075200514124	0.06296809660097887	0.0019144293670251527	0.004592470067806329	-0.012711848901082035	0.0007164988603289164	0.008380352672057903	-0.02229021268979822	-0.000527591479460295	0.010107222208039486	-0.02649898362767211	-0.0025671455169504784	0.007795789606476833	-0.023011344580332358	0.002429710022614746	0.014097389961568868	-0.039224425246280586	-0.0004373150869959557	0.011084698771605494	-0.029353008619345308	-0.0030497935165433956	0.008692510608050744	-0.026407553148500663	-0.0014440232740597196	-0.0020916256093698746	0.0052146472440782075	-0.0007374949606886384	-0.004066973999343757	0.00910469174304994	-0.0003675421923466047	-0.005841328257527685	0.012030081044141853	0.0007805556424982265	-0.006242416870197463	0.013669961723837045	-0.0014161090592599444	-0.005851027313108337	0.013339391790634947	0.0007563292102692984	-0.006841829402371119	0.013655971922013326	0.0004418838947695934	-0.004833426664271458	0.011657024458799565	0.0005111387482711387	0.0012048494731796253	-0.0021583185629850577	0.00030918098670993977	0.002466100965563382	-0.0037483940971508923	0.00034357484958708425	0.0035146510750919072	-0.005104058969619849	-1.8837237563292012e-5	0.003688515755580267	-0.004897673926443546	4.7892306786971507e-5	0.004018399543854712	-0.005344279013690998	8.567286497228218e-5	0.004065079703782962	-0.004942790957483511	-0.00018098073699616724	0.003270284769795871	-0.003933222508179379	-0.0004280352788832511	-0.0004242685751561049	-0.00011246370413728905	-0.0010062685203609972	-3.0341592901816537e-5	-0.001382175719839761	0.0003079457249782616	-0.0016669376746070996	0.00025418303929649363	-0.0016448685956371894	0.000331110627519716	-0.0017282592751335383	0.00045985030996216063	-0.0014300711258996624
-5.346676057303359	-0.43421780616081385	-0.047212528638627196	-0.0035632070426033138	0.000946458947835093	0.0009662594602804462	0.0007186804456930165	42.90159161718192	1.2009660665596096	-3.213089118903665	-2.4736956722312238	0.0557511499877556	-0.3339858786497122	-0.025069035371860386	-0.0006574919577046231	-0.05855068486259631	0.003954832680964867	-0.0010705221894337976	-0.013617028090799132	0.0010215661868783377	-1.769730187616124e-5	-0.004136352418414421	0.0002048082973342177	0.000294533293842582	-0.0016726855746925589	4.095449876476525e-5	0.000361428852888771	-0.0010121501615884974	0.6063370937555719	-0.03496460932164064	0.17796021431846604	0.14370978792088587	-0.007412183924403991	0.045065736830491886	0.030905296246924837	-0.0022516502851919395	0.013809930917239942	0.006039052267274718	-0.0006325090375877022	0.005041009765927721	0.0012079597630971482	-0.0001799940055105309	0.0021330343433494715	0.00026303410862314633	-6.551078454879691e-5	0.0010771580441323596	5.4736354188289835e-5	-3.094557093320407e-5	0.000714156469360686	0.03309155220392915	0.0010455074091906284	-0.019605228308692556	-0.005923985157762193	0.001966475222164502	-0.012036821007894641	-0.0027350270884841177	0.0007762835636460088	-0.005561730475221251	-0.0009237017353768253	0.0002393221390799554	-0.0024897677751738985	-0.00031743685672109157	7.847417328582252e-5	-0.001193389401678265	-0.00011387969278168507	3.4538410079619676e-5	-0.0006557054919585854	-3.9296440312106076e-5	9.884742150907051e-6	-0.0004484020889976976	-0.003953498161352443	0.000162652815011638	0.0017364423436092551	0.0003387552862155836	-0.00024056444367952711	0.0017847827531835725	0.000664202011921346	-0.0002137094777103626	0.001241171764232626	0.0003614924626661344	-0.0001261956601060705	0.0007744936795909623	0.00015671566893369428	-6.787781697676933e-5	0.0004799023974606731	6.420181494518297e-5	-3.9896876035122806e-5	0.00031599652624248077	2.5585781744933984e-5	-1.4510971238186296e-5	0.0002309746882204944	0.0004034239518156913	-5.9292342061885335e-5	-0.00019921294895443046	9.258527359476538e-5	5.036524437425592e-5	-0.00038482578149756966	-2.1669193174846655e-5	6.308350047435749e-5	-0.0003584631807022695	-4.016876160430742e-5	4.675872606845892e-5	-0.00027116902828390455	-3.0088598227843894e-5	3.1362290036462135e-5	-0.00019417308684887313	-1.8077838491369426e-5	2.3052680904626714e-5	-0.00014122360274833613	-1.0753829139997166e-5	9.400658292826166e-6	-0.00010607003022034378	-1.5042022354806197e-5	3.7746872964564408e-6	3.3662341571838445e-5	-1.9994444413550287e-5	-9.33866164536975e-6	7.499742312852427e-5	5.925463459060211e-9	-1.7077547959401384e-5	8.668320029737783e-5	7.898945073762876e-6	-1.7817971102470924e-5	7.837380442312119e-5	7.624985064900784e-6	-1.5208937521048198e-5	6.367665285008029e-5	5.3059305438445645e-6	-1.3327291838471937e-5	4.972374613311876e-5	4.105905946812957e-6	-7.043403841289956e-6	3.521226897055835e-5	1.7418931096270889e-6	9.660197813441859e-8	6.540193918252723e-6	2.2497160013284897e-6	9.490583737531153e-7	4.678733804058093e-6	-3.983758556608925e-6	5.4755601592165e-6	-5.74371868283346e-6	4.946770982528079e-6	-5.404888408362447e-6	4.764307089991389e-6	-5.623896297550284e-6	2.8122949321508557e-6
0.06923576395679806	-0.020349214890831156	-0.15785199949395973	-0.05884423373618484	-0.023436703680661194	-0.011940981399542638	-0.008608432768938329	1.2009660665596096	4.225886824466671	-0.03633735928609481	-0.0277838988913203	-1.3041698392577157	0.2074332504884204	-0.8827340200289745	-0.12764734298411592	0.006684944694143184	-0.023986599485193893	-0.056258317155504625	0.004830844519969326	0.004163631078055497	-0.03666257222245921	0.0051171875935968215	0.001960068784626042	-0.02622165529141664	0.004520613858909996	0.000484867554318906	-0.02082763339339823	0.003903358894239729	-0.6941761859719771	0.132418734835987	-0.0775437264443552	0.4986061351423521	-0.07106794475522002	0.11783609904522813	0.0029129056154681924	-0.01994762254303471	0.03843777731405981	-0.0006917858988659313	-0.00456739262666281	0.011376381294307117	-0.0004384527076641292	-0.00018732170504727146	0.0032043596369846676	-0.00032245410202302036	0.0008161572511187549	0.0008142700214007887	-0.0001804059580551698	0.00047440264295060304	0.0004269807152672327	0.06271166334115925	0.011166935671504648	-0.061756595339042875	0.0206157549053017	-0.0007180936361619989	-0.019753851759172766	-0.007556232543367624	0.0031376147005958747	-0.009502566981302807	-0.0036616241915732608	0.0026771185709091702	-0.0049157477703642306	-0.0010910026081541405	0.0013839665489018052	-0.002528239269087809	-0.00024778511685290603	0.0005313044674624549	-0.0014346491334686158	2.781166529499257e-6	0.00036909730189818156	-0.001115446531822857	-0.0038594327792418285	0.004256822198614517	-0.003402968279631567	0.003383221049350359	-0.001384700697055416	0.0028702752614339247	0.0010349151438093724	-0.002106435271849839	0.0033561436874265664	0.0004564000720111661	-0.0015967458363410772	0.0024043919458516974	0.0002356060668184237	-0.0010533159645280353	0.0015772680186680282	0.00010372865674111946	-0.000644224967653861	0.0010871418864092611	1.936552317189804e-5	-0.0004789340911236365	0.0008861504916218595	0.000523624673863445	0.00032992503496865775	-0.0012029799030989726	0.0008469026437066596	0.00033378586515853776	-0.0012212737828920359	0.00013060099131945117	0.0005250251940295521	-0.0011082841357680565	-9.678088112617307e-5	0.0006008258051168618	-0.0009321201729349447	-9.538076870491945e-5	0.0005588324004548116	-0.0007457436955779833	-5.641420513898385e-5	0.00045176373498653457	-0.000594541321730195	-1.9764204415380394e-5	0.000353434236363961	-0.000499229997724855	5.916714602387835e-5	-3.5042592637146986e-5	1.4753132452558779e-5	3.907832280873256e-5	-0.00016365882498241562	0.00020415994686700677	1.839451952446096e-5	-0.00028443030076371733	0.0003176214378123548	1.659695858742885e-5	-0.0003382095338621497	0.00032970572271924455	1.6223702286118752e-5	-0.0003436104205519364	0.00029349636522686185	1.3307740130237686e-5	-0.00031358350720231664	0.00024195651770924465	7.59267837476957e-6	-0.0002627927559621897	0.00018787056193605956	2.2821474740661815e-5	4.5983315620751726e-5	3.577140611376177e-5	8.425346890439903e-5	1.4272762318887424e-5	0.00011609422067243558	-1.072601340102e-5	0.00013835852207947752	-2.2335629072001676e-5	0.0001469131862880055	-2.522456824298011e-5	0.00014402145463006489	-2.3030220931838936e-5	0.00012230222822424074
1.0717058473195535	2.596186608455803	0.5132948270573833	0.19129001192483072	0.08905861950894729	0.04946325632393151	0.034817339737156165	-3.213089118903665	-0.03633735928609481	36.90123164813199	7.329716465002995	-0.10081624535927831	-7.309014973501601	-2.103627933465503	0.032887176030235554	-0.8534459717067447	-0.13504758851653872	0.015080469005877723	-0.2298788921253064	-0.017450758668104208	0.0072592730113019465	-0.09031932349288897	-0.0033893373677090504	0.004352291487668062	-0.047557502821947005	-0.0007737418844579276	0.0028848316281331237	-0.03424898199304108	-4.088681772982892	0.09559889652765136	0.5438750860753382	4.509600347174066	-0.11201658147148386	0.40142368082823915	0.3992055169003151	-0.04438599868603446	0.175453132757849	0.07016139707795	-0.01910359971272193	0.08307764393045029	0.01672073534532238	-0.010071899080035623	0.04505831976690351	0.004819767819646173	-0.006368181513032323	0.02874941499467954	0.0013519289465526098	-0.0039299762512036325	0.02193213219250552	0.3965452465267777	0.02123444361111327	-0.26235840898281004	0.048598574878577015	0.011645207037020863	-0.11901671648773733	-0.012577622743980898	0.009591725151752996	-0.05988692170262683	-0.009249328885426749	0.007280908405764133	-0.03407989987172187	-0.004310017942902364	0.005448611236641	-0.021742221460945607	-0.001890629167325608	0.004190967964455641	-0.015461380506205338	-0.0008040783300466214	0.002693603661636559	-0.01219482835690548	-0.018191304448999798	0.00340477604787293	0.0006424132562289885	0.00934696300163137	-0.0028132403060035964	0.012456186202463578	0.005715347347646588	-0.003918658422270535	0.013617306837050626	0.002861804687007619	-0.0035516136905579944	0.011498112332341262	0.0014296973765039974	-0.003004768728220924	0.009222125412320176	0.0007345789851258051	-0.0025790697973711424	0.007470624232815226	0.0004024835008646798	-0.0017098255930566202	0.006129770500664883	0.0023522695609396694	0.0004270979925956258	-0.003024098951449688	0.001881004049866742	0.0011042003820561448	-0.004502306682982528	0.0004417906724009897	0.001481213341602846	-0.004751910987516735	-0.00014115879047596326	0.0016028102764728924	-0.004439306579666373	-0.00023753335672749772	0.0015630492596468788	-0.003934248861555506	-0.0001951409140947665	0.0014870147148723356	-0.003405248385295679	-0.00016473225118770807	0.0010349898097658412	-0.002838150767875513	4.066570263743177e-5	-0.00023054609460867816	0.00048685126651074	-5.4436993993687915e-5	-0.0005490267259201865	0.001075495230957938	-1.0246155190014032e-5	-0.000793542186738773	0.0014274136181702591	2.823628854965739e-5	-0.0009162646836839163	0.001513720970886918	4.3252465965229474e-5	-0.0009369971841277638	0.001430932626182272	4.212469645016636e-5	-0.0009270411148906203	0.0012622788612565315	5.621900133256443e-5	-0.0007219117344965258	0.0009753637115104021	0.00010732314072951832	9.488341371353051e-5	7.80448429426905e-5	0.000228587902717861	1.4274502899654077e-5	0.000321655735742169	-5.0881538357003524e-5	0.0003719555519896522	-9.041162317014537e-5	0.0003815338560788371	-0.00010235049131895565	0.00039151225647782113	-0.00012361617026603996	0.0003166766856173406
5.219600287359991	-4.276407387499804	-0.2895238083268416	-0.028161771364029208	-0.001219023470946865	0.001364261293628116	0.001348815245058876	-2.4736956722312238	-0.0277838988913203	7.329716465002995	59.93658114906641	0.8964712855860022	-2.342195385670726	-2.003769744448252	0.026494769001654494	-0.19042749772352327	0.00387743312263487	-0.0036730876740022314	-0.03121508587971844	0.00704447932923437	-0.0017058623384058052	-0.008085972241182068	0.001576330205482503	-0.0003603758489271056	-0.0032901275738956917	0.00032903195738354676	0.0001013267821390248	-0.002096862493286772	-6.56811124914538	-0.468564586113145	4.842463614591376	0.4503463861450868	-0.0026241556897046775	0.44357951658967965	0.12477225564816696	-0.0006333877952356364	0.07982433688246239	0.02135919842158269	-0.0002242058680167534	0.020430967542913132	0.003373990240702825	3.044863786079821e-5	0.00695877718588715	0.0005182687207033654	5.8537227809841485e-5	0.003161801490114427	6.070561774199589e-5	1.6519537581696544e-5	0.0020932999213390978	0.22915840267851567	-0.017379469678144164	-0.003338242351260418	-0.1551297863135091	0.00984998874440423	-0.031015980401962812	-0.03282670810597402	0.004741405805740895	-0.01689719168407506	-0.0068161226349468945	0.0016249312744226682	-0.007718759922582549	-0.001580358986464083	0.000578654021324319	-0.0036833287980727104	-0.0004144634967354126	0.0002571561755193098	-0.002042908066354583	-0.0001031434318371065	0.00013485552870558617	-0.0014410032109239232	-0.02670516249245588	-0.0014891530017720476	0.01837576504218046	-0.007245023815655721	-0.0010153788758269161	0.010872924327312912	0.00038788769326351263	-0.0007155811496046403	0.005589045742386592	0.00088881723549096	-0.0004786068513624698	0.0029652270997914767	0.00046050542349061036	-0.00030924599556412304	0.0017015524471679412	0.0001929463303648699	-0.00020659508361201196	0.0010926240054231762	7.150969168905322e-5	-0.00011714315750525787	0.0008126358248812556	0.0008211470218088874	-0.0004205336917102411	0.00038031381713706414	-0.000716736878814006	0.00015479750021016946	-0.0008335999630300146	-0.0005454140601588493	0.0002962346066679581	-0.0010845908908152819	-0.000289684251661498	0.00025098467146571695	-0.0009007646220309356	-0.00014352553296586394	0.00018828531126872206	-0.0006715473670269103	-7.03636489838182e-5	0.00014485321565195646	-0.0005017317720479662	-3.458372082136131e-5	8.615508559538082e-5	-0.00038837306244954414	-0.0001478429210593379	-2.1662628671244132e-5	0.0002214455598024527	-0.00020302333192360225	-6.79753453193352e-5	0.00034750248774622245	-7.113026948676199e-5	-9.515142385650145e-5	0.00034812179637174834	1.0555298230353363e-6	-0.00010266526459339101	0.0002970398093498516	1.7765597506045265e-5	-9.72371306447764e-5	0.00023756337276036504	1.560898363035236e-5	-8.883177463720601e-5	0.00018525288378421813	1.2335550366101549e-5	-6.256832639897129e-5	0.00013393884972362223	-2.1434339115081697e-5	5.368504466753449e-6	4.739379698324933e-7	1.6063156198332485e-5	-1.2235288556731798e-5	3.105228149565023e-5	-2.195021756127253e-5	3.819532891534375e-5	-2.3607133696890824e-5	3.8056918624955255e-5	-2.0950127560915834e-5	3.726204841945756e-5	-2.0220330177173674e-5	2.7742860583156965e-5
-0.15037260313494072	-0.05272256373996656	-0.059941813800430864	-0.17262614823647662	-0.06662416458535332	-0.02955127912913644	-0.019282924063322448	0.0557511499877556	-1.3041698392577157	-0.10081624535927831	0.8964712855860022	4.096488000303938	-0.06390734137078373	-0.02463369462381066	-1.3601006601837873	0.2034991910913947	-0.876992312607923	-0.16273456127249294	0.00806588325582741	-0.022367264229419655	-0.08129952897029512	0.007324313397034728	0.004458319183337618	-0.05687441174135216	0.007931270980657535	0.0017137948756802959	-0.044709898300058996	0.007187454896955947	0.07545571651012539	0.0820438179666367	0.10894623621371227	-0.5057313449712255	0.08038014686139787	-0.04886956950743761	0.5166373077856526	-0.08944316166668241	0.12632303705460912	0.005001109894732681	-0.02553227686790479	0.040841767835349825	-0.0004422779064582319	-0.006200647628298917	0.01197105914965151	-0.00043332092102812085	-0.0009892838258112526	0.0036518300795114946	-0.00035439896789640725	-0.0008246869739211272	0.002136426928828816	-0.053611435239000686	-0.03690415240500497	0.08526720130981863	0.024388326517083992	0.02133393762086845	-0.05173753299452594	0.017866026264760086	0.00331105848369282	-0.01872740259476458	-0.008062983685349462	0.004931138923543015	-0.009704207861505615	-0.003823624695345742	0.0036999411585948495	-0.005351068909509663	-0.0010986870457747634	0.0019900712765512515	-0.0032015283756985542	-0.0001341153740648267	0.0014082484413950988	-0.0024926628147857945	0.016383924740507663	-0.00537060793770779	0.0038689079767285075	-0.009978886208005647	0.004124871717011583	-0.002372137634435112	0.0018842743395977033	-0.0015270996391857888	0.0032456796584259045	0.0008174973288837882	-0.0025688420506700836	0.0037026396113723206	0.0004353929177438395	-0.002121165476509972	0.0028036450877419175	0.00022720365668112954	-0.0014453399009087364	0.0020271794389951814	6.45422504819492e-5	-0.001079034961705255	0.0016466305090556232	-0.0023515363201197905	-0.0005746855935590779	0.0023739734641919437	-0.0005945371766948925	0.0006645505969974882	-0.00043885139185239805	0.0006670600191956318	0.0007226580721114186	-0.001099036934568864	0.0001097240339490365	0.0009064507527411632	-0.0012201817021290353	-9.601236617259675e-5	0.0009713515025224958	-0.0011309310243705383	-9.498064861729574e-5	0.0008631502123277393	-0.0009718978299097647	-4.426783319484415e-5	0.0006966682122405909	-0.0008284316874658708	0.00027224461471699035	-0.0004778362790112691	0.0004159927964893007	-0.00021203161964362534	-0.00022230426618515626	0.00018340256837692177	-7.381628228178702e-5	-0.00034167852722703524	0.00029932450343400765	-2.1398015122268388e-5	-0.0004873899606796991	0.0004047733659293856	2.6774583892405886e-6	-0.0005584027963121501	0.0004210075763676813	1.2676948516556204e-5	-0.0005486389508869561	0.0003756227330355819	1.249036671611916e-5	-0.0004752324107170739	0.0002969334682995718	-1.4386761216897344e-5	4.0819595106242744e-5	-6.83277609638235e-5	0.00014080015829201094	4.360813119441781e-8	0.00019033476782213133	2.3134307370085586e-6	0.00022293834027552791	-1.6114708752005343e-5	0.0002435985460258157	-2.932268607117086e-5	0.0002495426883841442	-3.407285568812507e-5	0.0002199610929426923
