1.03703899259265e6	259259.059259265	0.0	0.0	0.0	0.0	0.0	0.0	0.0	-1.18518625185187e6	-296296.651851855	0.0	0.0	0.0	0.0	0.0	0.0	0.0	148148.148148123	37037.1481481476	0.0	0.0	0.0	0.0	0.0	0.0	0.0
259259.059259265	296297.540740745	259259.059259326	-18518.5518518311	0.0	0.0	0.0	0.0	0.0	-296296.65185185	-148148.548148148	-296296.651851844	-74073.9629629571	0.0	0.0	0.0	0.0	0.0	37037.1481481399	-148148.214814823	37037.1481480782	92592.570370344	0.0	0.0	0.0	0.0	0.0
0.0	259259.059259326	1.03703899259282e6	259259.059259316	0.0	0.0	0.0	0.0	0.0	0.0	-296296.651851866	-1.18518625185183e6	-296296.651851833	0.0	0.0	0.0	0.0	0.0	0.0	37037.1481481139	148148.148147957	37037.1481480924	0.0	0.0	0.0	0.0	0.0
0.0	-18518.5518518311	259259.059259316	296297.540740775	259259.059259241	-18518.5518518774	0.0	0.0	0.0	0.0	-74073.9629629669	-296296.651851853	-148148.548148153	-296296.651851848	-74073.9629629585	0.0	0.0	0.0	0.0	92592.5703703579	37037.1481481099	-148148.214814843	37037.1481481493	92592.5703703919	0.0	0.0	0.0
0.0	0.0	0.0	259259.059259241	1.03703899259274e6	259259.059259199	0.0	0.0	0.0	0.0	0.0	0.0	-296296.651851883	-1.18518625185187e6	-296296.651851848	0.0	0.0	0.0	0.0	0.0	0.0	37037.1481481921	148148.148148353	37037.1481481849	0.0	0.0	0.0
0.0	0.0	0.0	-18518.5518518774	259259.059259199	296297.540740767	259259.059259241	-18518.5518518881	0.0	0.0	0.0	0.0	-74073.9629629776	-296296.651851898	-148148.548148173	-296296.651851889	-74073.9629629687	0.0	0.0	0.0	0.0	92592.5703704059	37037.1481482412	-148148.214814816	37037.1481481921	92592.5703704096	0.0
0.0	0.0	0.0	0.0	0.0	259259.059259241	1.0370389925928e6	259259.059259369	0.0	0.0	0.0	0.0	0.0	0.0	-296296.651851866	-1.18518625185186e6	-296296.651851844	0.0	0.0	0.0	0.0	0.0	0.0	37037.1481480214	148148.148147994	37037.1481481635	0.0
0.0	0.0	0.0	0.0	0.0	-18518.5518518881	259259.059259369	296297.54074103	259259.059259553	0.0	0.0	0.0	0.0	0.0	-74073.962962959	-296296.651851837	-148148.548148192	-296296.651851943	0.0	0.0	0.0	0.0	0.0	92592.5703703528	37037.148148109	-148148.214815047	37037.148147993
0.0	0.0	0.0	0.0	0.0	0.0	0.0	259259.059259553	1.03703899259348e6	0.0	0.0	0.0	0.0	0.0	0.0	0.0	-296296.651851928	-1.18518625185195e6	0.0	0.0	0.0	0.0	0.0	0.0	0.0	37037.1481479504	148148.148147475
-1.18518625185187e6	-296296.65185185	0.0	0.0	0.0	0.0	0.0	0.0	0.0	2.3703760592593e6	592591.525925938	0.0	0.0	0.0	0.0	0.0	0.0	0.0	-1.18518625185187e6	-296296.651851865	0.0	0.0	0.0	0.0	0.0	0.0	0.0
-296296.651851855	-148148.548148148	-296296.651851866	-74073.9629629669	0.0	0.0	0.0	0.0	0.0	592591.525925938	296300.207407422	592591.525925949	148148.148148146	0.0	0.0	0.0	0.0	0.0	-296296.651851857	-148148.548148162	-296296.651851859	-74073.9629629618	0.0	0.0	0.0	0.0	0.0
0.0	-296296.651851844	-1.18518625185183e6	-296296.651851853	0.0	0.0	0.0	0.0	0.0	0.0	592591.525925949	2.37037605925922e6	592591.525925886	0.0	0.0	0.0	0.0	0.0	0.0	-296296.651851883	-1.18518625185183e6	-296296.651851833	0.0	0.0	0.0	0.0	0.0
0.0	-74073.9629629571	-296296.651851833	-148148.548148153	-296296.651851883	-74073.9629629776	0.0	0.0	0.0	0.0	148148.148148146	592591.525925886	296300.207407411	592591.525925979	148148.148148153	0.0	0.0	0.0	0.0	-74073.9629629664	-296296.651851827	-148148.548148147	-296296.651851866	-74073.9629629632	0.0	0.0	0.0
0.0	0.0	0.0	-296296.651851848	-1.18518625185187e6	-296296.651851898	0.0	0.0	0.0	0.0	0.0	0.0	592591.525925979	2.37037605925931e6	592591.525925912	0.0	0.0	0.0	0.0	0.0	0.0	-296296.651851891	-1.18518625185186e6	-296296.651851825	0.0	0.0	0.0
0.0	0.0	0.0	-74073.9629629585	-296296.651851848	-148148.548148173	-296296.651851866	-74073.962962959	0.0	0.0	0.0	0.0	148148.148148153	592591.525925912	296300.207407404	592591.525925949	148148.148148147	0.0	0.0	0.0	0.0	-74073.9629629692	-296296.651851833	-148148.54814812	-296296.651851842	-74073.9629629836	0.0
0.0	0.0	0.0	0.0	0.0	-296296.651851889	-1.18518625185186e6	-296296.651851837	0.0	0.0	0.0	0.0	0.0	0.0	592591.525925949	2.37037605925931e6	592591.525925919	0.0	0.0	0.0	0.0	0.0	0.0	-296296.651851812	-1.18518625185184e6	-296296.651851926	0.0
0.0	0.0	0.0	0.0	0.0	-74073.9629629687	-296296.651851844	-148148.548148192	-296296.651851928	0.0	0.0	0.0	0.0	0.0	148148.148148147	592591.525925919	296300.207407445	592591.525926035	0.0	0.0	0.0	0.0	0.0	-74073.962962951	-296296.651851835	-148148.548148133	-296296.651851898
0.0	0.0	0.0	0.0	0.0	0.0	0.0	-296296.651851943	-1.18518625185195e6	0.0	0.0	0.0	0.0	0.0	0.0	0.0	592591.525926035	2.37037605925936e6	0.0	0.0	0.0	0.0	0.0	0.0	0.0	-296296.65185176	-1.18518625185191e6
148148.148148123	37037.1481481399	0.0	0.0	0.0	0.0	0.0	0.0	0.0	-1.18518625185187e6	-296296.651851857	0.0	0.0	0.0	0.0	0.0	0.0	0.0	1.03703899259264e6	259259.059259275	0.0	0.0	0.0	0.0	0.0	0.0	0.0
37037.1481481476	-148148.214814823	37037.1481481139	92592.5703703579	0.0	0.0	0.0	0.0	0.0	-296296.651851865	-148148.548148162	-296296.651851883	-74073.9629629664	0.0	0.0	0.0	0.0	0.0	259259.059259275	296297.540740758	259259.059259326	-18518.551851833	0.0	0.0	0.0	0.0	0.0
0.0	37037.1481480782	148148.148147957	37037.1481481099	0.0	0.0	0.0	0.0	0.0	0.0	-296296.651851859	-1.18518625185183e6	-296296.651851827	0.0	0.0	0.0	0.0	0.0	0.0	259259.059259326	1.03703899259276e6	259259.059259287	0.0	0.0	0.0	0.0	0.0
0.0	92592.570370344	37037.1481480924	-148148.214814843	37037.1481481921	92592.5703704059	0.0	0.0	0.0	0.0	-74073.9629629618	-296296.651851833	-148148.548148147	-296296.651851891	-74073.9629629692	0.0	0.0	0.0	0.0	-18518.551851833	259259.059259287	296297.540740762	259259.059259255	-18518.5518518739	0.0	0.0	0.0
0.0	0.0	0.0	37037.1481481493	148148.148148353	37037.1481482412	0.0	0.0	0.0	0.0	0.0	0.0	-296296.651851866	-1.18518625185186e6	-296296.651851833	0.0	0.0	0.0	0.0	0.0	0.0	259259.059259255	1.03703899259239e6	259259.059259172	0.0	0.0	0.0
0.0	0.0	0.0	92592.5703703919	37037.1481481849	-148148.214814816	37037.1481480214	92592.5703703528	0.0	0.0	0.0	0.0	-74073.9629629632	-296296.651851825	-148148.54814812	-296296.651851812	-74073.962962951	0.0	0.0	0.0	0.0	-18518.5518518739	259259.059259172	296297.540740732	259259.059259326	-18518.5518518311	0.0
0.0	0.0	0.0	0.0	0.0	37037.1481481921	148148.148147994	37037.148148109	0.0	0.0	0.0	0.0	0.0	0.0	-296296.651851842	-1.18518625185184e6	-296296.651851835	0.0	0.0	0.0	0.0	0.0	0.0	259259.059259326	1.0370389925927e6	259259.059259326	0.0
0.0	0.0	0.0	0.0	0.0	92592.5703704096	37037.1481481635	-148148.214815047	37037.1481479504	0.0	0.0	0.0	0.0	0.0	-74073.9629629836	-296296.651851926	-148148.548148133	-296296.65185176	0.0	0.0	0.0	0.0	0.0	-18518.5518518311	259259.059259326	296297.540740944	259259.059259369
0.0	0.0	0.0	0.0	0.0	0.0	0.0	37037.148147993	148148.148147475	0.0	0.0	0.0	0.0	0.0	0.0	0.0	-296296.651851898	-1.18518625185191e6	0.0	0.0	0.0	0.0	0.0	0.0	0.0	259259.059259369	1.03703899259336e6
